# input_thornado_Chimera_100ms.dat 
number of variables = 3
number of points = 310
dens
temp
ye  
   2.998000E+04   3.180000E+14   1.314793E+11   2.773000E-01
   7.510000E+04   3.174000E+14   1.313632E+11   2.773000E-01
   1.055000E+05   3.164000E+14   1.313632E+11   2.773000E-01
   1.361000E+05   3.151000E+14   1.310151E+11   2.772000E-01
   1.669000E+05   3.136000E+14   1.305509E+11   2.770000E-01
   1.977000E+05   3.117000E+14   1.299707E+11   2.767000E-01
   2.286000E+05   3.095000E+14   1.293905E+11   2.764000E-01
   2.598000E+05   3.070000E+14   1.288102E+11   2.760000E-01
   2.912000E+05   3.041000E+14   1.283461E+11   2.756000E-01
   3.228000E+05   3.007000E+14   1.281140E+11   2.750000E-01
   3.546000E+05   2.969000E+14   1.283461E+11   2.745000E-01
   3.866000E+05   2.925000E+14   1.293905E+11   2.740000E-01
   4.189000E+05   2.878000E+14   1.304349E+11   2.735000E-01
   4.514000E+05   2.827000E+14   1.311311E+11   2.729000E-01
   4.841000E+05   2.773000E+14   1.315953E+11   2.714000E-01
   5.171000E+05   2.714000E+14   1.321755E+11   2.701000E-01
   5.503000E+05   2.652000E+14   1.320595E+11   2.690000E-01
   5.838000E+05   2.593000E+14   1.300867E+11   2.675000E-01
   6.176000E+05   2.532000E+14   1.274177E+11   2.660000E-01
   6.515000E+05   2.467000E+14   1.246326E+11   2.624000E-01
   6.857000E+05   2.388000E+14   1.241684E+11   2.605000E-01
   7.202000E+05   2.303000E+14   1.240524E+11   2.593000E-01
   7.548000E+05   2.211000E+14   1.247486E+11   2.574000E-01
   7.898000E+05   2.110000E+14   1.263733E+11   2.544000E-01
   8.250000E+05   2.005000E+14   1.282300E+11   2.517000E-01
   8.604999E+05   1.897000E+14   1.291584E+11   2.475000E-01
   8.962000E+05   1.786000E+14   1.299707E+11   2.431000E-01
   9.321999E+05   1.665000E+14   1.311311E+11   2.384000E-01
   9.684000E+05   1.533000E+14   1.333360E+11   2.339000E-01
   1.005000E+06   1.385000E+14   1.373976E+11   2.303000E-01
   1.041000E+06   1.224000E+14   1.420394E+11   2.272000E-01
   1.079000E+06   1.060000E+14   1.465652E+11   2.250000E-01
   1.116000E+06   8.773000E+13   1.539921E+11   2.263000E-01
   1.153000E+06   6.971000E+13   1.642040E+11   2.308000E-01
   1.191000E+06   5.773000E+13   1.698903E+11   2.306000E-01
   1.230000E+06   4.751000E+13   1.767369E+11   2.323000E-01
   1.268000E+06   3.991000E+13   1.826552E+11   2.332000E-01
   1.306000E+06   3.431000E+13   1.870650E+11   2.324000E-01
   1.345000E+06   3.004000E+13   1.904302E+11   2.303000E-01
   1.385000E+06   2.669000E+13   1.925191E+11   2.273000E-01
   1.424000E+06   2.397000E+13   1.939116E+11   2.239000E-01
   1.464000E+06   2.171000E+13   1.944918E+11   2.202000E-01
   1.504000E+06   1.982000E+13   1.944918E+11   2.162000E-01
   1.544000E+06   1.822000E+13   1.937956E+11   2.121000E-01
   1.586000E+06   1.684000E+13   1.927512E+11   2.078000E-01
   1.627000E+06   1.564000E+13   1.912426E+11   2.035000E-01
   1.667000E+06   1.458000E+13   1.892698E+11   1.990000E-01
   1.709000E+06   1.364000E+13   1.871810E+11   1.947000E-01
   1.751000E+06   1.280000E+13   1.847440E+11   1.902000E-01
   1.793000E+06   1.204000E+13   1.820750E+11   1.860000E-01
   1.836000E+06   1.136000E+13   1.792899E+11   1.815000E-01
   1.879000E+06   1.072000E+13   1.763888E+11   1.774000E-01
   1.921000E+06   1.014000E+13   1.733716E+11   1.733000E-01
   1.964000E+06   9.604000E+12   1.702384E+11   1.692000E-01
   2.008000E+06   9.103000E+12   1.672212E+11   1.654000E-01
   2.051000E+06   8.634000E+12   1.640880E+11   1.618000E-01
   2.095000E+06   8.196000E+12   1.609548E+11   1.583000E-01
   2.139000E+06   7.782000E+12   1.579376E+11   1.549000E-01
   2.183000E+06   7.390000E+12   1.548044E+11   1.518000E-01
   2.228000E+06   7.020000E+12   1.517872E+11   1.488000E-01
   2.272000E+06   6.668000E+12   1.488861E+11   1.460000E-01
   2.317000E+06   6.332000E+12   1.459849E+11   1.434000E-01
   2.362000E+06   6.015000E+12   1.431998E+11   1.409000E-01
   2.407000E+06   5.710000E+12   1.404148E+11   1.386000E-01
   2.453000E+06   5.419000E+12   1.377457E+11   1.366000E-01
   2.499000E+06   5.144000E+12   1.350767E+11   1.346000E-01
   2.545000E+06   4.881000E+12   1.325237E+11   1.327000E-01
   2.591000E+06   4.629000E+12   1.300867E+11   1.311000E-01
   2.638000E+06   4.391000E+12   1.276498E+11   1.295000E-01
   2.684000E+06   4.164000E+12   1.252128E+11   1.280000E-01
   2.732000E+06   3.946000E+12   1.230080E+11   1.268000E-01
   2.779000E+06   3.741000E+12   1.206871E+11   1.256000E-01
   2.827000E+06   3.545000E+12   1.184822E+11   1.244000E-01
   2.875000E+06   3.359000E+12   1.163934E+11   1.235000E-01
   2.923000E+06   3.184000E+12   1.143162E+11   1.225000E-01
   2.972000E+06   3.017000E+12   1.122854E+11   1.214000E-01
   3.021000E+06   2.858000E+12   1.102778E+11   1.207000E-01
   3.071000E+06   2.709000E+12   1.083166E+11   1.198000E-01
   3.120000E+06   2.567000E+12   1.064019E+11   1.190000E-01
   3.170000E+06   2.432000E+12   1.045220E+11   1.184000E-01
   3.220000E+06   2.304000E+12   1.026652E+11   1.178000E-01
   3.272000E+06   2.184000E+12   1.008433E+11   1.170000E-01
   3.323000E+06   2.069000E+12   9.905623E+10   1.164000E-01
   3.374000E+06   1.961000E+12   9.729234E+10   1.159000E-01
   3.426000E+06   1.858000E+12   9.555166E+10   1.153000E-01
   3.478000E+06   1.761000E+12   9.385740E+10   1.146000E-01
   3.530000E+06   1.669000E+12   9.217474E+10   1.142000E-01
   3.583000E+06   1.582000E+12   9.051530E+10   1.136000E-01
   3.637000E+06   1.499000E+12   8.890226E+10   1.130000E-01
   3.690000E+06   1.420000E+12   8.730084E+10   1.125000E-01
   3.744000E+06   1.345000E+12   8.573423E+10   1.121000E-01
   3.798000E+06   1.275000E+12   8.419083E+10   1.114000E-01
   3.853000E+06   1.207000E+12   8.268224E+10   1.111000E-01
   3.909000E+06   1.143000E+12   8.118525E+10   1.107000E-01
   3.965000E+06   1.083000E+12   7.973469E+10   1.102000E-01
   4.021000E+06   1.025000E+12   7.830734E+10   1.099000E-01
   4.077000E+06   9.699000E+11   7.691479E+10   1.096000E-01
   4.134000E+06   9.179000E+11   7.554546E+10   1.093000E-01
   4.191000E+06   8.682000E+11   7.422254E+10   1.091000E-01
   4.249000E+06   8.210000E+11   7.291123E+10   1.090000E-01
   4.308000E+06   7.763000E+11   7.164634E+10   1.088000E-01
   4.366000E+06   7.337000E+11   7.040465E+10   1.086000E-01
   4.425000E+06   6.932000E+11   6.919778E+10   1.087000E-01
   4.484000E+06   6.549000E+11   6.801412E+10   1.086000E-01
   4.545000E+06   6.185000E+11   6.687688E+10   1.085000E-01
   4.605000E+06   5.838000E+11   6.576284E+10   1.087000E-01
   4.666000E+06   5.510000E+11   6.467202E+10   1.089000E-01
   4.728000E+06   5.200000E+11   6.361600E+10   1.090000E-01
   4.789000E+06   4.905000E+11   6.259481E+10   1.092000E-01
   4.851000E+06   4.625000E+11   6.159682E+10   1.096000E-01
   4.915000E+06   4.361000E+11   6.063364E+10   1.099000E-01
   4.978000E+06   4.111000E+11   5.969368E+10   1.102000E-01
   5.041000E+06   3.873000E+11   5.878852E+10   1.108000E-01
   5.106000E+06   3.649000E+11   5.790658E+10   1.113000E-01
   5.170000E+06   3.438000E+11   5.704784E+10   1.119000E-01
   5.236000E+06   3.238000E+11   5.622392E+10   1.124000E-01
   5.301000E+06   3.048000E+11   5.542321E+10   1.132000E-01
   5.367000E+06   2.870000E+11   5.463411E+10   1.140000E-01
   5.434000E+06   2.702000E+11   5.387981E+10   1.148000E-01
   5.502000E+06   2.543000E+11   5.314873E+10   1.155000E-01
   5.569000E+06   2.393000E+11   5.244085E+10   1.165000E-01
   5.638000E+06   2.251000E+11   5.174458E+10   1.175000E-01
   5.707000E+06   2.118000E+11   5.107152E+10   1.184000E-01
   5.776000E+06   1.993000E+11   5.042166E+10   1.193000E-01
   5.846000E+06   1.874000E+11   4.978341E+10   1.205000E-01
   5.917000E+06   1.763000E+11   4.916837E+10   1.218000E-01
   5.987000E+06   1.658000E+11   4.857654E+10   1.231000E-01
   6.059000E+06   1.559000E+11   4.799632E+10   1.244000E-01
   6.131000E+06   1.467000E+11   4.743929E+10   1.256000E-01
   6.204000E+06   1.380000E+11   4.690549E+10   1.271000E-01
   6.277000E+06   1.298000E+11   4.637168E+10   1.285000E-01
   6.351000E+06   1.221000E+11   4.586108E+10   1.300000E-01
   6.425000E+06   1.149000E+11   4.537369E+10   1.316000E-01
   6.500000E+06   1.081000E+11   4.489791E+10   1.332000E-01
   6.576000E+06   1.017000E+11   4.443373E+10   1.349000E-01
   6.652000E+06   9.573000E+10   4.398115E+10   1.367000E-01
   6.728000E+06   9.013000E+10   4.354018E+10   1.384000E-01
   6.806000E+06   8.486000E+10   4.312242E+10   1.402000E-01
   6.884000E+06   7.991000E+10   4.270465E+10   1.421000E-01
   6.963000E+06   7.526000E+10   4.231010E+10   1.440000E-01
   7.042000E+06   7.088000E+10   4.192715E+10   1.460000E-01
   7.122000E+06   6.677000E+10   4.153260E+10   1.481000E-01
   7.203000E+06   6.292000E+10   4.117286E+10   1.502000E-01
   7.283000E+06   5.931000E+10   4.080151E+10   1.524000E-01
   7.365000E+06   5.592000E+10   4.045337E+10   1.545000E-01
   7.447000E+06   5.274000E+10   4.010524E+10   1.567000E-01
   7.531000E+06   4.973000E+10   3.979192E+10   1.589000E-01
   7.614000E+06   4.692000E+10   3.946699E+10   1.613000E-01
   7.699000E+06   4.429000E+10   3.915367E+10   1.638000E-01
   7.783000E+06   4.183000E+10   3.884034E+10   1.662000E-01
   7.869000E+06   3.951000E+10   3.853863E+10   1.686000E-01
   7.956000E+06   3.734000E+10   3.824851E+10   1.711000E-01
   8.043000E+06   3.531000E+10   3.798161E+10   1.736000E-01
   8.130000E+06   3.340000E+10   3.771471E+10   1.762000E-01
   8.219000E+06   3.160000E+10   3.745941E+10   1.788000E-01
   8.308000E+06   2.993000E+10   3.719250E+10   1.815000E-01
   8.397000E+06   2.836000E+10   3.694881E+10   1.842000E-01
   8.488000E+06   2.689000E+10   3.669351E+10   1.869000E-01
   8.579000E+06   2.551000E+10   3.644981E+10   1.895000E-01
   8.671000E+06   2.421000E+10   3.620612E+10   1.922000E-01
   8.764000E+06   2.298000E+10   3.596242E+10   1.948000E-01
   8.857000E+06   2.182000E+10   3.571873E+10   1.974000E-01
   8.951000E+06   2.071000E+10   3.546343E+10   2.000000E-01
   9.046000E+06   1.968000E+10   3.519652E+10   2.027000E-01
   9.141000E+06   1.872000E+10   3.491801E+10   2.052000E-01
   9.238000E+06   1.784000E+10   3.463951E+10   2.075000E-01
   9.335000E+06   1.700000E+10   3.434939E+10   2.098000E-01
   9.432000E+06   1.622000E+10   3.408249E+10   2.121000E-01
   9.530000E+06   1.549000E+10   3.379238E+10   2.143000E-01
   9.630000E+06   1.483000E+10   3.347906E+10   2.161000E-01
   9.730000E+06   1.420000E+10   3.315413E+10   2.179000E-01
   9.831000E+06   1.357000E+10   3.287562E+10   2.203000E-01
   9.933000E+06   1.297000E+10   3.260871E+10   2.227000E-01
   1.004000E+07   1.245000E+10   3.224898E+10   2.243000E-01
   1.014000E+07   1.203000E+10   3.177319E+10   2.253000E-01
   1.024000E+07   1.164000E+10   3.125099E+10   2.263000E-01
   1.034000E+07   1.127000E+10   3.072878E+10   2.278000E-01
   1.046000E+07   1.088000E+10   3.025300E+10   2.299000E-01
   1.056000E+07   1.047000E+10   2.985844E+10   2.327000E-01
   1.067000E+07   1.006000E+10   2.951031E+10   2.361000E-01
   1.078000E+07   9.687000E+09   2.912736E+10   2.396000E-01
   1.089000E+07   9.322000E+09   2.876762E+10   2.436000E-01
   1.100000E+07   8.980000E+09   2.840788E+10   2.479000E-01
   1.111000E+07   8.736000E+09   2.780444E+10   2.524000E-01
   1.121000E+07   8.558000E+09   2.700373E+10   2.574000E-01
   1.132000E+07   8.352000E+09   2.621462E+10   2.636000E-01
   1.144000E+07   8.073000E+09   2.558798E+10   2.704000E-01
   1.155000E+07   7.777000E+09   2.504257E+10   2.775000E-01
   1.167000E+07   7.513000E+09   2.439271E+10   2.853000E-01
   1.179000E+07   7.338000E+09   2.354558E+10   2.940000E-01
   1.190000E+07   7.226000E+09   2.248957E+10   3.037000E-01
   1.202000E+07   6.937000E+09   2.195576E+10   3.137000E-01
   1.214000E+07   6.566000E+09   2.171207E+10   3.224000E-01
   1.226000E+07   6.305000E+09   2.124789E+10   3.309000E-01
   1.238000E+07   6.136000E+09   2.059803E+10   3.414000E-01
   1.250000E+07   5.929000E+09   2.008743E+10   3.524000E-01
   1.262000E+07   5.616000E+09   1.989016E+10   3.613000E-01
   1.275000E+07   5.378000E+09   1.965807E+10   3.696000E-01
   1.287000E+07   5.268000E+09   1.911265E+10   3.802000E-01
   1.299000E+07   5.164000E+09   1.860205E+10   3.914000E-01
   1.312000E+07   4.910000E+09   1.842799E+10   4.004000E-01
   1.324000E+07   4.673000E+09   1.824231E+10   4.076000E-01
   1.337000E+07   4.494000E+09   1.789418E+10   4.156000E-01
   1.351000E+07   4.265000E+09   1.768530E+10   4.237000E-01
   1.363000E+07   4.008000E+09   1.754604E+10   4.299000E-01
   1.377000E+07   3.808000E+09   1.732556E+10   4.356000E-01
   1.389000E+07   3.656000E+09   1.694261E+10   4.426000E-01
   1.403000E+07   3.465000E+09   1.671052E+10   4.491000E-01
   1.417000E+07   3.247000E+09   1.659447E+10   4.531000E-01
   1.430000E+07   3.075000E+09   1.646682E+10   4.571000E-01
   1.444000E+07   2.975000E+09   1.619992E+10   4.618000E-01
   1.457000E+07   2.916000E+09   1.592141E+10   4.668000E-01
   1.471000E+07   2.791000E+09   1.582857E+10   4.705000E-01
   1.485000E+07   2.650000E+09   1.578215E+10   4.730000E-01
   1.499000E+07   2.515000E+09   1.567771E+10   4.756000E-01
   1.513000E+07   2.447000E+09   1.537600E+10   4.790000E-01
   1.528000E+07   2.345000E+09   1.514390E+10   4.820000E-01
   1.542000E+07   2.195000E+09   1.506267E+10   4.838000E-01
   1.556000E+07   2.042000E+09   1.499305E+10   4.852000E-01
   1.571000E+07   1.938000E+09   1.478417E+10   4.871000E-01
   1.586000E+07   1.889000E+09   1.445924E+10   4.890000E-01
   1.601000E+07   1.781000E+09   1.433159E+10   4.904000E-01
   1.616000E+07   1.652000E+09   1.434319E+10   4.914000E-01
   1.631000E+07   1.580000E+09   1.429677E+10   4.923000E-01
   1.646000E+07   1.558000E+09   1.397185E+10   4.934000E-01
   1.661000E+07   1.513000E+09   1.376297E+10   4.941000E-01
   1.676000E+07   1.210000E+09   1.364692E+10   4.947000E-01
   1.691000E+07   4.837000E+08   1.121113E+10   4.950000E-01
   1.707000E+07   1.633000E+08   7.672912E+09   4.951000E-01
   1.722000E+07   1.336000E+08   6.857114E+09   4.951000E-01
   1.738000E+07   1.308000E+08   6.971998E+09   4.951000E-01
   1.754000E+07   1.299000E+08   6.858274E+09   4.951000E-01
   1.770000E+07   1.275000E+08   6.844349E+09   4.952000E-01
   1.786000E+07   1.263000E+08   6.811856E+09   4.952000E-01
   1.802000E+07   1.241000E+08   6.792129E+09   4.952000E-01
   1.819000E+07   1.230000E+08   6.765438E+09   4.953000E-01
   1.836000E+07   1.210000E+08   6.746871E+09   4.953000E-01
   1.852000E+07   1.198000E+08   6.721341E+09   4.953000E-01
   1.869000E+07   1.179000E+08   6.702774E+09   4.953000E-01
   1.886000E+07   1.168000E+08   6.679565E+09   4.954000E-01
   1.903000E+07   1.150000E+08   6.658677E+09   4.954000E-01
   1.919000E+07   1.137000E+08   6.634307E+09   4.954000E-01
   1.937000E+07   1.120000E+08   6.613418E+09   4.954000E-01
   1.954000E+07   1.108000E+08   6.590210E+09   4.954000E-01
   1.972000E+07   1.091000E+08   6.569321E+09   4.955000E-01
   1.989000E+07   1.079000E+08   6.546113E+09   4.955000E-01
   2.007000E+07   1.064000E+08   6.525225E+09   4.955000E-01
   2.025000E+07   1.052000E+08   6.503176E+09   4.955000E-01
   2.043000E+07   1.038000E+08   6.482288E+09   4.956000E-01
   2.062000E+07   1.025000E+08   6.460239E+09   4.956000E-01
   2.080000E+07   1.012000E+08   6.438190E+09   4.956000E-01
   2.098000E+07   1.000000E+08   6.418463E+09   4.956000E-01
   2.117000E+07   9.870000E+07   6.397575E+09   4.957000E-01
   2.135000E+07   9.757000E+07   6.380168E+09   4.957000E-01
   2.155000E+07   9.632000E+07   6.361601E+09   4.957000E-01
   2.173000E+07   9.515000E+07   6.346514E+09   4.957000E-01
   2.192000E+07   9.394000E+07   6.329108E+09   4.957000E-01
   2.212000E+07   9.274000E+07   6.315183E+09   4.958000E-01
   2.231000E+07   9.158000E+07   6.297776E+09   4.958000E-01
   2.250000E+07   9.042000E+07   6.280369E+09   4.958000E-01
   2.270000E+07   8.935000E+07   6.262962E+09   4.958000E-01
   2.290000E+07   8.823000E+07   6.242074E+09   4.959000E-01
   2.310000E+07   8.720000E+07   6.220025E+09   4.959000E-01
   2.330000E+07   8.610000E+07   6.197977E+09   4.959000E-01
   2.350000E+07   8.506000E+07   6.175928E+09   4.959000E-01
   2.370000E+07   8.397000E+07   6.153880E+09   4.959000E-01
   2.391000E+07   8.298000E+07   6.134152E+09   4.960000E-01
   2.412000E+07   8.194000E+07   6.114424E+09   4.960000E-01
   2.432000E+07   8.098000E+07   6.095857E+09   4.960000E-01
   2.453000E+07   7.998000E+07   6.076129E+09   4.960000E-01
   2.474000E+07   7.904000E+07   6.056401E+09   4.960000E-01
   2.495000E+07   7.809000E+07   6.036674E+09   4.961000E-01
   2.517000E+07   7.719000E+07   6.016946E+09   4.961000E-01
   2.538000E+07   7.628000E+07   5.998379E+09   4.961000E-01
   2.559000E+07   7.541000E+07   5.979811E+09   4.961000E-01
   2.581000E+07   7.450000E+07   5.961245E+09   4.961000E-01
   2.603000E+07   7.363000E+07   5.941517E+09   4.961000E-01
   2.626000E+07   7.276000E+07   5.921789E+09   4.962000E-01
   2.648000E+07   7.193000E+07   5.902062E+09   4.962000E-01
   2.670000E+07   7.110000E+07   5.883494E+09   4.962000E-01
   2.692000E+07   7.028000E+07   5.864927E+09   4.962000E-01
   2.716000E+07   6.947000E+07   5.846360E+09   4.962000E-01
   2.739000E+07   6.866000E+07   5.827792E+09   4.963000E-01
   2.761000E+07   6.787000E+07   5.809225E+09   4.963000E-01
   2.784000E+07   6.707000E+07   5.791818E+09   4.963000E-01
   2.808000E+07   6.630000E+07   5.773251E+09   4.963000E-01
   2.831000E+07   6.554000E+07   5.757005E+09   4.963000E-01
   2.855000E+07   6.480000E+07   5.740759E+09   4.963000E-01
   2.879000E+07   6.405000E+07   5.724512E+09   4.963000E-01
   2.903000E+07   6.331000E+07   5.707106E+09   4.964000E-01
   2.927000E+07   6.258000E+07   5.687378E+09   4.964000E-01
   2.951000E+07   6.186000E+07   5.668810E+09   4.964000E-01
   2.976000E+07   6.115000E+07   5.650243E+09   4.964000E-01
   3.000000E+07   6.044000E+07   5.633997E+09   4.964000E-01
   3.024000E+07   5.974000E+07   5.616590E+09   4.964000E-01
   3.050000E+07   5.908000E+07   5.599183E+09   4.965000E-01
   3.075000E+07   5.843000E+07   5.580616E+09   4.965000E-01
   3.100000E+07   5.778000E+07   5.563209E+09   4.965000E-01
   3.126000E+07   5.711000E+07   5.545803E+09   4.965000E-01
   3.151000E+07   5.643000E+07   5.529556E+09   4.965000E-01
   3.177000E+07   5.575000E+07   5.510989E+09   4.965000E-01
   3.203000E+07   5.510000E+07   5.493582E+09   4.965000E-01
   3.229000E+07   5.445000E+07   5.475015E+09   4.966000E-01
   3.255000E+07   5.378000E+07   5.458769E+09   4.966000E-01
   3.281000E+07   5.314000E+07   5.442523E+09   4.966000E-01
   3.309000E+07   5.255000E+07   5.425116E+09   4.966000E-01
   3.336000E+07   5.202000E+07   5.408869E+09   4.966000E-01
   3.362000E+07   5.144000E+07   5.392623E+09   4.966000E-01
   3.389000E+07   5.084000E+07   5.377537E+09   4.966000E-01
   3.417000E+07   5.025000E+07   5.360130E+09   4.967000E-01
