# 25 MO S25_08 WH; LS eos (220) Chimera 100ms
number of variables = 3
number of points = 720
dens
temp
ye
   1.450000E+04   4.217000E+14   1.419000E+11   2.538000E-01
   4.356000E+04   4.214000E+14   1.415000E+11   2.537000E-01
   7.280000E+04   4.204000E+14   1.412000E+11   2.537000E-01
   1.022000E+05   4.191000E+14   1.409000E+11   2.537000E-01
   1.319000E+05   4.173000E+14   1.407000E+11   2.537000E-01
   1.618000E+05   4.150000E+14   1.405000E+11   2.538000E-01
   1.918000E+05   4.122000E+14   1.403000E+11   2.540000E-01
   2.221000E+05   4.088000E+14   1.401000E+11   2.543000E-01
   2.526000E+05   4.050000E+14   1.399000E+11   2.546000E-01
   2.833000E+05   4.006000E+14   1.399000E+11   2.551000E-01
   3.142000E+05   3.956000E+14   1.396000E+11   2.555000E-01
   3.454000E+05   3.902000E+14   1.386000E+11   2.560000E-01
   3.767000E+05   3.843000E+14   1.375000E+11   2.565000E-01
   4.083000E+05   3.778000E+14   1.365000E+11   2.571000E-01
   4.401000E+05   3.706000E+14   1.357000E+11   2.578000E-01
   4.721000E+05   3.629000E+14   1.350000E+11   2.585000E-01
   5.043000E+05   3.546000E+14   1.344000E+11   2.592000E-01
   5.368000E+05   3.457000E+14   1.328000E+11   2.595000E-01
   5.695000E+05   3.361000E+14   1.313000E+11   2.599000E-01
   6.024000E+05   3.259000E+14   1.305000E+11   2.603000E-01
   6.356000E+05   3.149000E+14   1.303000E+11   2.603000E-01
   6.690000E+05   3.032000E+14   1.300000E+11   2.594000E-01
   7.026000E+05   2.903000E+14   1.319000E+11   2.588000E-01
   7.365000E+05   2.757000E+14   1.377000E+11   2.575000E-01
   7.706000E+05   2.588000E+14   1.481000E+11   2.566000E-01
   8.049000E+05   2.399000E+14   1.620000E+11   2.547000E-01
   8.395001E+05   2.170000E+14   1.830000E+11   2.560000E-01
   8.743000E+05   1.906000E+14   2.092000E+11   2.577000E-01
   9.093001E+05   1.617000E+14   2.384000E+11   2.624000E-01
   9.446000E+05   1.332000E+14   2.664000E+11   2.704000E-01
   9.802000E+05   1.094000E+14   2.891000E+11   2.791000E-01
   1.016000E+06   9.139000E+13   3.056000E+11   2.861000E-01
   1.052000E+06   7.817000E+13   3.170000E+11   2.907000E-01
   1.088000E+06   6.837000E+13   3.244000E+11   2.927000E-01
   1.125000E+06   6.099000E+13   3.287000E+11   2.923000E-01
   1.162000E+06   5.531000E+13   3.306000E+11   2.892000E-01
   1.199000E+06   5.078000E+13   3.308000E+11   2.843000E-01
   1.236000E+06   4.713000E+13   3.294000E+11   2.777000E-01
   1.274000E+06   4.408000E+13   3.270000E+11   2.698000E-01
   1.312000E+06   4.146000E+13   3.236000E+11   2.613000E-01
   1.350000E+06   3.915000E+13   3.195000E+11   2.524000E-01
   1.388000E+06   3.706000E+13   3.150000E+11   2.437000E-01
   1.427000E+06   3.513000E+13   3.100000E+11   2.352000E-01
   1.466000E+06   3.332000E+13   3.048000E+11   2.272000E-01
   1.505000E+06   3.161000E+13   2.995000E+11   2.196000E-01
   1.544000E+06   2.998000E+13   2.940000E+11   2.128000E-01
   1.584000E+06   2.843000E+13   2.885000E+11   2.065000E-01
   1.624000E+06   2.694000E+13   2.830000E+11   2.007000E-01
   1.664000E+06   2.551000E+13   2.774000E+11   1.956000E-01
   1.705000E+06   2.415000E+13   2.719000E+11   1.909000E-01
   1.746000E+06   2.285000E+13   2.665000E+11   1.866000E-01
   1.787000E+06   2.161000E+13   2.611000E+11   1.830000E-01
   1.829000E+06   2.044000E+13   2.557000E+11   1.794000E-01
   1.870000E+06   1.933000E+13   2.505000E+11   1.762000E-01
   1.912000E+06   1.827000E+13   2.452000E+11   1.733000E-01
   1.955000E+06   1.728000E+13   2.400000E+11   1.704000E-01
   1.997000E+06   1.634000E+13   2.349000E+11   1.679000E-01
   2.040000E+06   1.545000E+13   2.297000E+11   1.655000E-01
   2.083000E+06   1.461000E+13   2.247000E+11   1.630000E-01
   2.127000E+06   1.382000E+13   2.197000E+11   1.609000E-01
   2.171000E+06   1.307000E+13   2.147000E+11   1.586000E-01
   2.215000E+06   1.237000E+13   2.098000E+11   1.565000E-01
   2.259000E+06   1.170000E+13   2.049000E+11   1.545000E-01
   2.304000E+06   1.107000E+13   2.002000E+11   1.523000E-01
   2.349000E+06   1.047000E+13   1.955000E+11   1.505000E-01
   2.394000E+06   9.910000E+12   1.909000E+11   1.485000E-01
   2.439000E+06   9.372000E+12   1.863000E+11   1.468000E-01
   2.485000E+06   8.861000E+12   1.819000E+11   1.450000E-01
   2.530000E+06   8.377000E+12   1.775000E+11   1.432000E-01
   2.577000E+06   7.912000E+12   1.733000E+11   1.416000E-01
   2.623000E+06   7.473000E+12   1.691000E+11   1.400000E-01
   2.670000E+06   7.050000E+12   1.651000E+11   1.386000E-01
   2.716000E+06   6.650000E+12   1.612000E+11   1.373000E-01
   2.764000E+06   6.268000E+12   1.574000E+11   1.360000E-01
   2.811000E+06   5.903000E+12   1.538000E+11   1.350000E-01
   2.859000E+06   5.556000E+12   1.502000E+11   1.339000E-01
   2.907000E+06   5.224000E+12   1.468000E+11   1.332000E-01
   2.955000E+06   4.909000E+12   1.435000E+11   1.324000E-01
   3.004000E+06   4.609000E+12   1.404000E+11   1.317000E-01
   3.053000E+06   4.323000E+12   1.373000E+11   1.314000E-01
   3.102000E+06   4.055000E+12   1.344000E+11   1.309000E-01
   3.152000E+06   3.799000E+12   1.316000E+11   1.307000E-01
   3.202000E+06   3.559000E+12   1.289000E+11   1.306000E-01
   3.252000E+06   3.333000E+12   1.263000E+11   1.305000E-01
   3.302000E+06   3.119000E+12   1.238000E+11   1.306000E-01
   3.353000E+06   2.919000E+12   1.214000E+11   1.308000E-01
   3.404000E+06   2.731000E+12   1.190000E+11   1.309000E-01
   3.456000E+06   2.554000E+12   1.168000E+11   1.313000E-01
   3.508000E+06   2.389000E+12   1.145000E+11   1.316000E-01
   3.560000E+06   2.236000E+12   1.124000E+11   1.318000E-01
   3.613000E+06   2.091000E+12   1.103000E+11   1.323000E-01
   3.666000E+06   1.956000E+12   1.083000E+11   1.327000E-01
   3.719000E+06   1.831000E+12   1.063000E+11   1.330000E-01
   3.773000E+06   1.713000E+12   1.043000E+11   1.335000E-01
   3.827000E+06   1.603000E+12   1.024000E+11   1.340000E-01
   3.881000E+06   1.501000E+12   1.006000E+11   1.343000E-01
   3.936000E+06   1.405000E+12   9.876000E+10   1.347000E-01
   3.991000E+06   1.315000E+12   9.697000E+10   1.352000E-01
   4.047000E+06   1.232000E+12   9.522000E+10   1.356000E-01
   4.103000E+06   1.154000E+12   9.350000E+10   1.360000E-01
   4.160000E+06   1.081000E+12   9.182000E+10   1.365000E-01
   4.217000E+06   1.013000E+12   9.017000E+10   1.368000E-01
   4.274000E+06   9.485000E+11   8.856000E+10   1.372000E-01
   4.332000E+06   8.885000E+11   8.698000E+10   1.377000E-01
   4.390000E+06   8.325000E+11   8.543000E+10   1.382000E-01
   4.449000E+06   7.801000E+11   8.392000E+10   1.385000E-01
   4.508000E+06   7.306000E+11   8.245000E+10   1.392000E-01
   4.567000E+06   6.845000E+11   8.101000E+10   1.397000E-01
   4.627000E+06   6.414000E+11   7.961000E+10   1.401000E-01
   4.687000E+06   6.006000E+11   7.824000E+10   1.408000E-01
   4.748000E+06   5.626000E+11   7.690000E+10   1.415000E-01
   4.809000E+06   5.270000E+11   7.561000E+10   1.421000E-01
   4.871000E+06   4.936000E+11   7.435000E+10   1.428000E-01
   4.933000E+06   4.621000E+11   7.312000E+10   1.437000E-01
   4.996000E+06   4.328000E+11   7.192000E+10   1.445000E-01
   5.059000E+06   4.052000E+11   7.077000E+10   1.453000E-01
   5.122000E+06   3.792000E+11   6.965000E+10   1.464000E-01
   5.186000E+06   3.550000E+11   6.855000E+10   1.473000E-01
   5.251000E+06   3.323000E+11   6.750000E+10   1.483000E-01
   5.316000E+06   3.111000E+11   6.647000E+10   1.494000E-01
   5.381000E+06   2.910000E+11   6.548000E+10   1.507000E-01
   5.447000E+06   2.723000E+11   6.452000E+10   1.520000E-01
   5.513000E+06   2.549000E+11   6.359000E+10   1.533000E-01
   5.580000E+06   2.385000E+11   6.269000E+10   1.547000E-01
   5.648000E+06   2.231000E+11   6.183000E+10   1.563000E-01
   5.716000E+06   2.088000E+11   6.098000E+10   1.578000E-01
   5.784000E+06   1.954000E+11   6.017000E+10   1.593000E-01
   5.853000E+06   1.829000E+11   5.939000E+10   1.610000E-01
   5.923000E+06   1.711000E+11   5.863000E+10   1.630000E-01
   5.993000E+06   1.601000E+11   5.789000E+10   1.648000E-01
   6.063000E+06   1.498000E+11   5.717000E+10   1.667000E-01
   6.134000E+06   1.403000E+11   5.649000E+10   1.686000E-01
   6.206000E+06   1.313000E+11   5.583000E+10   1.707000E-01
   6.278000E+06   1.229000E+11   5.519000E+10   1.730000E-01
   6.351000E+06   1.151000E+11   5.457000E+10   1.753000E-01
   6.424000E+06   1.078000E+11   5.398000E+10   1.775000E-01
   6.498000E+06   1.010000E+11   5.343000E+10   1.798000E-01
   6.572000E+06   9.415000E+10   5.285000E+10   1.823000E-01
   6.647000E+06   8.835000E+10   5.228000E+10   1.848000E-01
   6.722000E+06   8.284000E+10   5.176000E+10   1.875000E-01
   6.798000E+06   7.777000E+10   5.125000E+10   1.900000E-01
   6.875000E+06   7.297000E+10   5.076000E+10   1.927000E-01
   6.952000E+06   6.851000E+10   5.029000E+10   1.953000E-01
   7.030000E+06   6.431000E+10   4.985000E+10   1.982000E-01
   7.108000E+06   6.040000E+10   4.940000E+10   2.012000E-01
   7.187000E+06   5.675000E+10   4.897000E+10   2.042000E-01
   7.267000E+06   5.336000E+10   4.854000E+10   2.072000E-01
   7.347000E+06   5.017000E+10   4.816000E+10   2.102000E-01
   7.427000E+06   4.721000E+10   4.776000E+10   2.133000E-01
   7.509000E+06   4.441000E+10   4.741000E+10   2.164000E-01
   7.591000E+06   4.180000E+10   4.704000E+10   2.198000E-01
   7.673000E+06   3.936000E+10   4.668000E+10   2.232000E-01
   7.756000E+06   3.709000E+10   4.634000E+10   2.265000E-01
   7.840000E+06   3.497000E+10   4.600000E+10   2.298000E-01
   7.925000E+06   3.298000E+10   4.568000E+10   2.333000E-01
   8.010000E+06   3.114000E+10   4.536000E+10   2.366000E-01
   8.095000E+06   2.939000E+10   4.506000E+10   2.400000E-01
   8.182000E+06   2.776000E+10   4.478000E+10   2.435000E-01
   8.269000E+06   2.623000E+10   4.449000E+10   2.470000E-01
   8.356000E+06   2.481000E+10   4.419000E+10   2.505000E-01
   8.444000E+06   2.347000E+10   4.390000E+10   2.541000E-01
   8.533000E+06   2.224000E+10   4.361000E+10   2.574000E-01
   8.623000E+06   2.107000E+10   4.332000E+10   2.609000E-01
   8.713000E+06   1.999000E+10   4.305000E+10   2.641000E-01
   8.804000E+06   1.897000E+10   4.277000E+10   2.675000E-01
   8.896000E+06   1.803000E+10   4.250000E+10   2.706000E-01
   8.988000E+06   1.714000E+10   4.223000E+10   2.738000E-01
   9.081000E+06   1.632000E+10   4.194000E+10   2.769000E-01
   9.175000E+06   1.555000E+10   4.164000E+10   2.798000E-01
   9.269000E+06   1.484000E+10   4.132000E+10   2.826000E-01
   9.364000E+06   1.417000E+10   4.102000E+10   2.853000E-01
   9.460000E+06   1.353000E+10   4.073000E+10   2.880000E-01
   9.556000E+06   1.294000E+10   4.043000E+10   2.906000E-01
   9.653000E+06   1.239000E+10   4.014000E+10   2.931000E-01
   9.751000E+06   1.188000E+10   3.981000E+10   2.952000E-01
   9.849000E+06   1.141000E+10   3.947000E+10   2.973000E-01
   9.949000E+06   1.093000E+10   3.917000E+10   2.997000E-01
   1.005000E+07   1.048000E+10   3.887000E+10   3.023000E-01
   1.015000E+07   1.006000E+10   3.857000E+10   3.046000E-01
   1.025000E+07   9.701000E+09   3.820000E+10   3.062000E-01
   1.035000E+07   9.397000E+09   3.779000E+10   3.073000E-01
   1.046000E+07   9.108000E+09   3.737000E+10   3.085000E-01
   1.056000E+07   8.789000E+09   3.704000E+10   3.103000E-01
   1.066000E+07   8.452000E+09   3.676000E+10   3.129000E-01
   1.077000E+07   8.140000E+09   3.648000E+10   3.156000E-01
   1.088000E+07   7.876000E+09   3.611000E+10   3.175000E-01
   1.098000E+07   7.669000E+09   3.566000E+10   3.188000E-01
   1.109000E+07   7.485000E+09   3.513000E+10   3.198000E-01
   1.120000E+07   7.268000E+09   3.469000E+10   3.217000E-01
   1.131000E+07   6.985000E+09   3.441000E+10   3.249000E-01
   1.142000E+07   6.721000E+09   3.411000E+10   3.285000E-01
   1.153000E+07   6.509000E+09   3.373000E+10   3.316000E-01
   1.164000E+07   6.368000E+09   3.319000E+10   3.337000E-01
   1.175000E+07   6.273000E+09   3.255000E+10   3.356000E-01
   1.187000E+07   6.178000E+09   3.188000E+10   3.382000E-01
   1.198000E+07   6.007000E+09   3.143000E+10   3.422000E-01
   1.209000E+07   5.764000E+09   3.114000E+10   3.471000E-01
   1.221000E+07   5.580000E+09   3.078000E+10   3.519000E-01
   1.233000E+07   5.476000E+09   3.015000E+10   3.560000E-01
   1.244000E+07   5.443000E+09   2.931000E+10   3.600000E-01
   1.256000E+07   5.356000E+09   2.862000E+10   3.650000E-01
   1.268000E+07   5.142000E+09   2.832000E+10   3.709000E-01
   1.280000E+07   4.938000E+09   2.807000E+10   3.770000E-01
   1.292000E+07   4.813000E+09   2.756000E+10   3.826000E-01
   1.304000E+07   4.794000E+09   2.671000E+10   3.880000E-01
   1.316000E+07   4.775000E+09   2.572000E+10   3.940000E-01
   1.329000E+07   4.658000E+09   2.525000E+10   4.006000E-01
   1.341000E+07   4.437000E+09   2.505000E+10   4.070000E-01
   1.354000E+07   4.257000E+09   2.482000E+10   4.127000E-01
   1.366000E+07   4.157000E+09   2.421000E+10   4.183000E-01
   1.379000E+07   4.147000E+09   2.321000E+10   4.245000E-01
   1.391000E+07   4.137000E+09   2.220000E+10   4.311000E-01
   1.404000E+07   4.050000E+09   2.163000E+10   4.375000E-01
   1.417000E+07   3.850000E+09   2.144000E+10   4.429000E-01
   1.430000E+07   3.689000E+09   2.127000E+10   4.479000E-01
   1.443000E+07   3.600000E+09   2.074000E+10   4.530000E-01
   1.456000E+07   3.566000E+09   2.009000E+10   4.584000E-01
   1.470000E+07   3.510000E+09   1.954000E+10   4.636000E-01
   1.483000E+07   3.370000E+09   1.931000E+10   4.681000E-01
   1.496000E+07   3.194000E+09   1.918000E+10   4.719000E-01
   1.510000E+07   3.060000E+09   1.894000E+10   4.754000E-01
   1.524000E+07   2.980000E+09   1.858000E+10   4.791000E-01
   1.537000E+07   2.931000E+09   1.815000E+10   4.826000E-01
   1.551000E+07   2.837000E+09   1.785000E+10   4.856000E-01
   1.565000E+07   2.674000E+09   1.773000E+10   4.881000E-01
   1.579000E+07   2.524000E+09   1.765000E+10   4.904000E-01
   1.593000E+07   2.391000E+09   1.752000E+10   4.925000E-01
   1.607000E+07   2.287000E+09   1.735000E+10   4.945000E-01
   1.622000E+07   2.182000E+09   1.689000E+10   4.957000E-01
   1.636000E+07   1.656000E+09   1.531000E+10   4.970000E-01
   1.651000E+07   5.068000E+08   1.084000E+10   4.972000E-01
   1.665000E+07   2.456000E+08   7.630000E+09   4.971000E-01
   1.680000E+07   2.238000E+08   7.397000E+09   4.972000E-01
   1.695000E+07   2.217000E+08   7.457000E+09   4.972000E-01
   1.709000E+07   2.194000E+08   7.408000E+09   4.972000E-01
   1.724000E+07   2.161000E+08   7.398000E+09   4.972000E-01
   1.739000E+07   2.140000E+08   7.381000E+09   4.973000E-01
   1.755000E+07   2.108000E+08   7.370000E+09   4.973000E-01
   1.770000E+07   2.088000E+08   7.355000E+09   4.973000E-01
   1.785000E+07   2.057000E+08   7.344000E+09   4.973000E-01
   1.801000E+07   2.036000E+08   7.330000E+09   4.973000E-01
   1.816000E+07   2.007000E+08   7.318000E+09   4.974000E-01
   1.832000E+07   1.987000E+08   7.304000E+09   4.974000E-01
   1.848000E+07   1.959000E+08   7.292000E+09   4.974000E-01
   1.864000E+07   1.939000E+08   7.278000E+09   4.974000E-01
   1.880000E+07   1.913000E+08   7.266000E+09   4.974000E-01
   1.896000E+07   1.892000E+08   7.252000E+09   4.974000E-01
   1.912000E+07   1.867000E+08   7.239000E+09   4.975000E-01
   1.928000E+07   1.847000E+08   7.226000E+09   4.975000E-01
   1.944000E+07   1.823000E+08   7.213000E+09   4.975000E-01
   1.961000E+07   1.803000E+08   7.200000E+09   4.975000E-01
   1.978000E+07   1.780000E+08   7.187000E+09   4.975000E-01
   1.994000E+07   1.760000E+08   7.174000E+09   4.975000E-01
   2.011000E+07   1.738000E+08   7.160000E+09   4.975000E-01
   2.028000E+07   1.719000E+08   7.147000E+09   4.976000E-01
   2.045000E+07   1.697000E+08   7.133000E+09   4.976000E-01
   2.063000E+07   1.678000E+08   7.120000E+09   4.976000E-01
   2.080000E+07   1.657000E+08   7.106000E+09   4.976000E-01
   2.097000E+07   1.638000E+08   7.092000E+09   4.976000E-01
   2.115000E+07   1.618000E+08   7.079000E+09   4.976000E-01
   2.133000E+07   1.600000E+08   7.067000E+09   4.976000E-01
   2.150000E+07   1.580000E+08   7.055000E+09   4.976000E-01
   2.168000E+07   1.563000E+08   7.043000E+09   4.976000E-01
   2.187000E+07   1.544000E+08   7.031000E+09   4.977000E-01
   2.205000E+07   1.526000E+08   7.019000E+09   4.977000E-01
   2.223000E+07   1.508000E+08   7.007000E+09   4.977000E-01
   2.242000E+07   1.491000E+08   6.996000E+09   4.977000E-01
   2.260000E+07   1.473000E+08   6.984000E+09   4.977000E-01
   2.279000E+07   1.456000E+08   6.973000E+09   4.977000E-01
   2.298000E+07   1.439000E+08   6.962000E+09   4.977000E-01
   2.317000E+07   1.423000E+08   6.951000E+09   4.978000E-01
   2.336000E+07   1.406000E+08   6.939000E+09   4.978000E-01
   2.355000E+07   1.390000E+08   6.928000E+09   4.978000E-01
   2.375000E+07   1.374000E+08   6.917000E+09   4.978000E-01
   2.394000E+07   1.358000E+08   6.906000E+09   4.978000E-01
   2.414000E+07   1.342000E+08   6.894000E+09   4.978000E-01
   2.434000E+07   1.327000E+08   6.883000E+09   4.979000E-01
   2.453000E+07   1.312000E+08   6.872000E+09   4.979000E-01
   2.474000E+07   1.297000E+08   6.861000E+09   4.979000E-01
   2.494000E+07   1.282000E+08   6.850000E+09   4.979000E-01
   2.514000E+07   1.267000E+08   6.840000E+09   4.979000E-01
   2.535000E+07   1.253000E+08   6.828000E+09   4.979000E-01
   2.555000E+07   1.238000E+08   6.817000E+09   4.979000E-01
   2.576000E+07   1.224000E+08   6.806000E+09   4.979000E-01
   2.597000E+07   1.210000E+08   6.795000E+09   4.980000E-01
   2.618000E+07   1.196000E+08   6.784000E+09   4.980000E-01
   2.639000E+07   1.183000E+08   6.773000E+09   4.980000E-01
   2.661000E+07   1.169000E+08   6.762000E+09   4.980000E-01
   2.682000E+07   1.156000E+08   6.751000E+09   4.980000E-01
   2.704000E+07   1.143000E+08   6.740000E+09   4.980000E-01
   2.726000E+07   1.130000E+08   6.729000E+09   4.980000E-01
   2.748000E+07   1.117000E+08   6.718000E+09   4.980000E-01
   2.770000E+07   1.105000E+08   6.707000E+09   4.981000E-01
   2.792000E+07   1.092000E+08   6.696000E+09   4.981000E-01
   2.815000E+07   1.080000E+08   6.685000E+09   4.981000E-01
   2.837000E+07   1.068000E+08   6.674000E+09   4.981000E-01
   2.860000E+07   1.056000E+08   6.663000E+09   4.981000E-01
   2.883000E+07   1.044000E+08   6.652000E+09   4.981000E-01
   2.906000E+07   1.033000E+08   6.641000E+09   4.981000E-01
   2.929000E+07   1.021000E+08   6.631000E+09   4.981000E-01
   2.953000E+07   1.010000E+08   6.620000E+09   4.982000E-01
   2.976000E+07   9.985000E+07   6.610000E+09   4.982000E-01
   3.000000E+07   9.875000E+07   6.600000E+09   4.982000E-01
   3.024000E+07   9.764000E+07   6.589000E+09   4.982000E-01
   3.048000E+07   9.657000E+07   6.579000E+09   4.982000E-01
   3.072000E+07   9.549000E+07   6.569000E+09   4.982000E-01
   3.097000E+07   9.445000E+07   6.560000E+09   4.982000E-01
   3.121000E+07   9.340000E+07   6.550000E+09   4.982000E-01
   3.146000E+07   9.238000E+07   6.541000E+09   4.982000E-01
   3.171000E+07   9.136000E+07   6.532000E+09   4.983000E-01
   3.196000E+07   9.036000E+07   6.523000E+09   4.983000E-01
   3.221000E+07   8.937000E+07   6.514000E+09   4.983000E-01
   3.247000E+07   8.839000E+07   6.504000E+09   4.983000E-01
   3.272000E+07   8.743000E+07   6.494000E+09   4.983000E-01
   3.298000E+07   8.647000E+07   6.485000E+09   4.983000E-01
   3.324000E+07   8.552000E+07   6.475000E+09   4.983000E-01
   3.350000E+07   8.458000E+07   6.465000E+09   4.983000E-01
   3.377000E+07   8.366000E+07   6.456000E+09   4.983000E-01
   3.403000E+07   8.275000E+07   6.446000E+09   4.983000E-01
   3.430000E+07   8.185000E+07   6.437000E+09   4.984000E-01
   3.457000E+07   8.096000E+07   6.428000E+09   4.984000E-01
   3.484000E+07   8.008000E+07   6.419000E+09   4.984000E-01
   3.511000E+07   7.921000E+07   6.409000E+09   4.984000E-01
   3.539000E+07   7.837000E+07   6.400000E+09   4.984000E-01
   3.567000E+07   7.753000E+07   6.390000E+09   4.984000E-01
   3.595000E+07   7.670000E+07   6.381000E+09   4.984000E-01
   3.623000E+07   7.588000E+07   6.371000E+09   4.984000E-01
   3.651000E+07   7.506000E+07   6.362000E+09   4.984000E-01
   3.679000E+07   7.426000E+07   6.352000E+09   4.984000E-01
   3.708000E+07   7.346000E+07   6.343000E+09   4.984000E-01
   3.737000E+07   7.267000E+07   6.333000E+09   4.985000E-01
   3.766000E+07   7.188000E+07   6.324000E+09   4.985000E-01
   3.795000E+07   7.110000E+07   6.314000E+09   4.985000E-01
   3.825000E+07   7.032000E+07   6.304000E+09   4.985000E-01
   3.854000E+07   6.956000E+07   6.293000E+09   4.985000E-01
   3.884000E+07   6.880000E+07   6.282000E+09   4.985000E-01
   3.914000E+07   6.806000E+07   6.271000E+09   4.985000E-01
   3.945000E+07   6.733000E+07   6.261000E+09   4.985000E-01
   3.975000E+07   6.661000E+07   6.250000E+09   4.985000E-01
   4.006000E+07   6.590000E+07   6.240000E+09   4.985000E-01
   4.037000E+07   6.520000E+07   6.230000E+09   4.985000E-01
   4.068000E+07   6.451000E+07   6.220000E+09   4.985000E-01
   4.100000E+07   6.382000E+07   6.210000E+09   4.986000E-01
   4.131000E+07   6.314000E+07   6.200000E+09   4.986000E-01
   4.163000E+07   6.246000E+07   6.189000E+09   4.986000E-01
   4.195000E+07   6.179000E+07   6.179000E+09   4.986000E-01
   4.227000E+07   6.113000E+07   6.169000E+09   4.986000E-01
   4.260000E+07   6.047000E+07   6.159000E+09   4.986000E-01
   4.293000E+07   5.982000E+07   6.149000E+09   4.986000E-01
   4.326000E+07   5.918000E+07   6.139000E+09   4.986000E-01
   4.359000E+07   5.854000E+07   6.129000E+09   4.986000E-01
   4.392000E+07   5.791000E+07   6.119000E+09   4.986000E-01
   4.426000E+07   5.729000E+07   6.110000E+09   4.986000E-01
   4.460000E+07   5.668000E+07   6.100000E+09   4.986000E-01
   4.494000E+07   5.607000E+07   6.091000E+09   4.986000E-01
   4.528000E+07   5.547000E+07   6.081000E+09   4.986000E-01
   4.563000E+07   5.488000E+07   6.071000E+09   4.987000E-01
   4.598000E+07   5.428000E+07   6.061000E+09   4.987000E-01
   4.633000E+07   5.370000E+07   6.052000E+09   4.987000E-01
   4.668000E+07   5.317000E+07   6.045000E+09   4.987000E-01
   4.775000E+07   5.136000E+07   6.565000E+09   4.987000E-01
   4.951000E+07   5.028000E+07   6.462000E+09   4.987000E-01
   5.125000E+07   4.650000E+07   6.344000E+09   4.987000E-01
   5.294000E+07   4.535000E+07   6.274000E+09   4.987000E-01
   5.462000E+07   4.264000E+07   6.162000E+09   4.987000E-01
   5.630000E+07   4.141000E+07   6.091000E+09   4.987000E-01
   5.798000E+07   3.910000E+07   5.994000E+09   4.987000E-01
   5.966000E+07   3.803000E+07   5.927000E+09   4.987000E-01
   6.134000E+07   3.603000E+07   5.834000E+09   4.987000E-01
   6.302000E+07   3.505000E+07   5.773000E+09   4.987000E-01
   6.471000E+07   3.329000E+07   5.690000E+09   4.987000E-01
   6.641000E+07   3.241000E+07   5.638000E+09   4.987000E-01
   6.811000E+07   3.087000E+07   5.556000E+09   4.987000E-01
   6.982000E+07   3.012000E+07   5.501000E+09   4.987000E-01
   7.154000E+07   2.873000E+07   5.426000E+09   4.987000E-01
   7.327000E+07   2.798000E+07   5.377000E+09   4.987000E-01
   7.502000E+07   2.670000E+07   5.307000E+09   4.987000E-01
   7.677000E+07   2.603000E+07   5.258000E+09   4.987000E-01
   7.854000E+07   2.490000E+07   5.189000E+09   4.987000E-01
   8.033000E+07   2.427000E+07   5.143000E+09   4.987000E-01
   8.214000E+07   2.322000E+07   5.079000E+09   4.987000E-01
   8.397000E+07   2.262000E+07   5.039000E+09   4.987000E-01
   8.581000E+07   2.164000E+07   4.976000E+09   4.987000E-01
   8.766000E+07   2.109000E+07   4.934000E+09   4.987000E-01
   8.953000E+07   2.022000E+07   4.874000E+09   4.987000E-01
   9.141000E+07   1.975000E+07   4.837000E+09   4.987000E-01
   9.330000E+07   1.892000E+07   4.778000E+09   4.987000E-01
   9.521000E+07   1.849000E+07   4.742000E+09   4.987000E-01
   9.714000E+07   1.773000E+07   4.684000E+09   4.987000E-01
   9.909000E+07   1.734000E+07   4.648000E+09   4.987000E-01
   1.010000E+08   1.664000E+07   4.592000E+09   4.987000E-01
   1.030000E+08   1.626000E+07   4.559000E+09   4.987000E-01
   1.050000E+08   1.560000E+07   4.506000E+09   4.987000E-01
   1.070000E+08   1.521000E+07   4.474000E+09   4.987000E-01
   1.091000E+08   1.463000E+07   4.421000E+09   4.987000E-01
   1.111000E+08   1.430000E+07   4.389000E+09   4.987000E-01
   1.132000E+08   1.377000E+07   4.339000E+09   4.987000E-01
   1.153000E+08   1.342000E+07   4.305000E+09   4.987000E-01
   1.174000E+08   1.288000E+07   4.253000E+09   4.987000E-01
   1.195000E+08   1.256000E+07   4.224000E+09   4.987000E-01
   1.216000E+08   1.207000E+07   4.173000E+09   4.987000E-01
   1.238000E+08   1.182000E+07   4.146000E+09   4.987000E-01
   1.260000E+08   1.136000E+07   4.095000E+09   4.987000E-01
   1.282000E+08   1.112000E+07   4.067000E+09   4.987000E-01
   1.304000E+08   1.069000E+07   4.020000E+09   4.987000E-01
   1.327000E+08   1.046000E+07   3.994000E+09   4.987000E-01
   1.349000E+08   1.001000E+07   3.942000E+09   4.987000E-01
   1.372000E+08   9.752000E+06   3.911000E+09   4.987000E-01
   1.395000E+08   9.385000E+06   3.867000E+09   4.987000E-01
   1.418000E+08   9.201000E+06   3.844000E+09   4.987000E-01
   1.442000E+08   8.853000E+06   3.796000E+09   4.987000E-01
   1.466000E+08   8.646000E+06   3.763000E+09   4.987000E-01
   1.490000E+08   8.326000E+06   3.713000E+09   4.987000E-01
   1.514000E+08   8.157000E+06   3.684000E+09   4.987000E-01
   1.538000E+08   7.850000E+06   3.635000E+09   4.987000E-01
   1.563000E+08   7.659000E+06   3.605000E+09   4.987000E-01
   1.588000E+08   7.400000E+06   3.567000E+09   4.987000E-01
   1.613000E+08   7.234000E+06   3.540000E+09   4.987000E-01
   1.639000E+08   6.958000E+06   3.487000E+09   4.987000E-01
   1.664000E+08   6.782000E+06   3.453000E+09   4.987000E-01
   1.690000E+08   6.508000E+06   3.423000E+09   4.987000E-01
   1.717000E+08   6.302000E+06   3.408000E+09   4.987000E-01
   1.743000E+08   5.873000E+06   3.389000E+09   4.987000E-01
   1.770000E+08   5.424000E+06   3.441000E+09   4.988000E-01
   1.797000E+08   4.575000E+06   3.521000E+09   4.988000E-01
   1.824000E+08   3.906000E+06   3.600000E+09   4.989000E-01
   1.851000E+08   3.297000E+06   3.628000E+09   4.990000E-01
   1.879000E+08   3.105000E+06   3.627000E+09   4.991000E-01
   1.907000E+08   3.004000E+06   3.605000E+09   4.991000E-01
   1.935000E+08   2.947000E+06   3.591000E+09   4.991000E-01
   1.964000E+08   2.879000E+06   3.570000E+09   4.991000E-01
   1.993000E+08   2.854000E+06   3.552000E+09   4.991000E-01
   2.022000E+08   2.827000E+06   3.525000E+09   4.991000E-01
   2.051000E+08   2.776000E+06   3.502000E+09   4.991000E-01
   2.081000E+08   2.704000E+06   3.481000E+09   4.991000E-01
   2.111000E+08   2.653000E+06   3.464000E+09   4.991000E-01
   2.140000E+08   2.608000E+06   3.447000E+09   4.991000E-01
   2.170000E+08   2.582000E+06   3.431000E+09   4.991000E-01
   2.200000E+08   2.530000E+06   3.411000E+09   4.991000E-01
   2.231000E+08   2.476000E+06   3.388000E+09   4.991000E-01
   2.261000E+08   2.428000E+06   3.367000E+09   4.991000E-01
   2.292000E+08   2.387000E+06   3.349000E+09   4.991000E-01
   2.323000E+08   2.343000E+06   3.328000E+09   4.991000E-01
   2.354000E+08   2.319000E+06   3.315000E+09   4.991000E-01
   2.386000E+08   2.284000E+06   3.299000E+09   4.991000E-01
   2.417000E+08   2.252000E+06   3.284000E+09   4.991000E-01
   2.449000E+08   2.213000E+06   3.263000E+09   4.991000E-01
   2.481000E+08   2.180000E+06   3.248000E+09   4.991000E-01
   2.514000E+08   2.142000E+06   3.230000E+09   4.991000E-01
   2.547000E+08   2.107000E+06   3.212000E+09   4.991000E-01
   2.579000E+08   2.064000E+06   3.193000E+09   4.991000E-01
   2.613000E+08   2.032000E+06   3.177000E+09   4.991000E-01
   2.646000E+08   1.992000E+06   3.158000E+09   4.991000E-01
   2.680000E+08   1.959000E+06   3.140000E+09   4.991000E-01
   2.714000E+08   1.927000E+06   3.123000E+09   4.991000E-01
   2.748000E+08   1.898000E+06   3.107000E+09   4.991000E-01
   2.782000E+08   1.860000E+06   3.086000E+09   4.991000E-01
   2.817000E+08   1.830000E+06   3.070000E+09   4.991000E-01
   2.852000E+08   1.800000E+06   3.053000E+09   4.991000E-01
   2.887000E+08   1.778000E+06   3.041000E+09   4.991000E-01
   2.923000E+08   1.750000E+06   3.025000E+09   4.991000E-01
   2.959000E+08   1.718000E+06   3.008000E+09   4.991000E-01
   2.995000E+08   1.684000E+06   2.990000E+09   4.991000E-01
   3.031000E+08   1.659000E+06   2.976000E+09   4.991000E-01
   3.068000E+08   1.637000E+06   2.963000E+09   4.991000E-01
   3.105000E+08   1.614000E+06   2.949000E+09   4.991000E-01
   3.143000E+08   1.589000E+06   2.934000E+09   4.991000E-01
   3.182000E+08   1.549000E+06   2.910000E+09   4.991000E-01
   3.221000E+08   1.522000E+06   2.893000E+09   4.991000E-01
   3.260000E+08   1.491000E+06   2.874000E+09   4.991000E-01
   3.301000E+08   1.476000E+06   2.865000E+09   4.991000E-01
   3.341000E+08   1.451000E+06   2.849000E+09   4.991000E-01
   3.383000E+08   1.432000E+06   2.837000E+09   4.991000E-01
   3.425000E+08   1.402000E+06   2.819000E+09   4.991000E-01
   3.467000E+08   1.374000E+06   2.801000E+09   4.991000E-01
   3.510000E+08   1.334000E+06   2.774000E+09   4.991000E-01
   3.554000E+08   1.306000E+06   2.756000E+09   4.991000E-01
   3.598000E+08   1.266000E+06   2.730000E+09   4.991000E-01
   3.642000E+08   1.238000E+06   2.710000E+09   4.991000E-01
   3.688000E+08   1.204000E+06   2.687000E+09   4.991000E-01
   3.733000E+08   1.180000E+06   2.670000E+09   4.991000E-01
   3.780000E+08   1.150000E+06   2.648000E+09   4.991000E-01
   3.826000E+08   1.128000E+06   2.630000E+09   4.991000E-01
   3.874000E+08   1.102000E+06   2.611000E+09   4.991000E-01
   3.923000E+08   1.079000E+06   2.593000E+09   4.991000E-01
   3.972000E+08   1.052000E+06   2.573000E+09   4.991000E-01
   4.023000E+08   1.031000E+06   2.558000E+09   4.991000E-01
   4.075000E+08   1.006000E+06   2.539000E+09   4.991000E-01
   4.127000E+08   9.849000E+05   2.523000E+09   4.991000E-01
   4.180000E+08   9.569000E+05   2.499000E+09   4.991000E-01
   4.234000E+08   9.319000E+05   2.478000E+09   4.991000E-01
   4.288000E+08   8.971000E+05   2.448000E+09   4.991000E-01
   4.343000E+08   8.721000E+05   2.426000E+09   4.991000E-01
   4.398000E+08   8.487000E+05   2.405000E+09   4.991000E-01
   4.454000E+08   8.299000E+05   2.388000E+09   4.991000E-01
   4.510000E+08   8.078000E+05   2.370000E+09   4.991000E-01
   4.567000E+08   7.897000E+05   2.353000E+09   4.991000E-01
   4.624000E+08   7.746000E+05   2.338000E+09   4.991000E-01
   4.682000E+08   7.620000E+05   2.326000E+09   4.991000E-01
   4.741000E+08   7.489000E+05   2.313000E+09   4.991000E-01
   4.800000E+08   7.353000E+05   2.300000E+09   4.991000E-01
   4.859000E+08   7.201000E+05   2.284000E+09   4.991000E-01
   4.919000E+08   7.064000E+05   2.271000E+09   4.991000E-01
   4.980000E+08   6.936000E+05   2.258000E+09   4.991000E-01
   5.041000E+08   6.814000E+05   2.245000E+09   4.991000E-01
   5.102000E+08   6.703000E+05   2.233000E+09   4.991000E-01
   5.164000E+08   6.577000E+05   2.220000E+09   4.991000E-01
   5.227000E+08   6.461000E+05   2.208000E+09   4.991000E-01
   5.290000E+08   6.345000E+05   2.195000E+09   4.991000E-01
   5.354000E+08   6.234000E+05   2.183000E+09   4.991000E-01
   5.419000E+08   6.119000E+05   2.170000E+09   4.991000E-01
   5.484000E+08   6.009000E+05   2.157000E+09   4.991000E-01
   5.549000E+08   5.906000E+05   2.146000E+09   4.991000E-01
   5.616000E+08   5.805000E+05   2.134000E+09   4.991000E-01
   5.683000E+08   5.709000E+05   2.122000E+09   4.991000E-01
   5.751000E+08   5.607000E+05   2.110000E+09   4.991000E-01
   5.819000E+08   5.508000E+05   2.098000E+09   4.991000E-01
   5.888000E+08   5.407000E+05   2.086000E+09   4.991000E-01
   5.958000E+08   5.304000E+05   2.073000E+09   4.991000E-01
   6.028000E+08   5.203000E+05   2.061000E+09   4.991000E-01
   6.100000E+08   5.107000E+05   2.048000E+09   4.991000E-01
   6.171000E+08   5.017000E+05   2.037000E+09   4.991000E-01
   6.244000E+08   4.927000E+05   2.025000E+09   4.991000E-01
   6.317000E+08   4.837000E+05   2.013000E+09   4.991000E-01
   6.391000E+08   4.752000E+05   2.002000E+09   4.991000E-01
   6.466000E+08   4.673000E+05   1.991000E+09   4.991000E-01
   6.542000E+08   4.587000E+05   1.979000E+09   4.991000E-01
   6.618000E+08   4.503000E+05   1.967000E+09   4.991000E-01
   6.695000E+08   4.419000E+05   1.955000E+09   4.991000E-01
   6.773000E+08   4.340000E+05   1.944000E+09   4.991000E-01
   6.852000E+08   4.260000E+05   1.932000E+09   4.991000E-01
   6.931000E+08   4.183000E+05   1.921000E+09   4.991000E-01
   7.012000E+08   4.108000E+05   1.910000E+09   4.991000E-01
   7.093000E+08   4.034000E+05   1.899000E+09   4.991000E-01
   7.175000E+08   3.964000E+05   1.888000E+09   4.991000E-01
   7.258000E+08   3.895000E+05   1.876000E+09   4.991000E-01
   7.342000E+08   3.817000E+05   1.865000E+09   4.991000E-01
   7.426000E+08   3.745000E+05   1.853000E+09   4.991000E-01
   7.512000E+08   3.672000E+05   1.841000E+09   4.991000E-01
   7.599000E+08   3.606000E+05   1.831000E+09   4.991000E-01
   7.686000E+08   3.540000E+05   1.820000E+09   4.991000E-01
   7.775000E+08   3.472000E+05   1.808000E+09   4.991000E-01
   7.864000E+08   3.406000E+05   1.797000E+09   4.991000E-01
   7.955000E+08   3.344000E+05   1.786000E+09   4.991000E-01
   8.046000E+08   3.284000E+05   1.775000E+09   4.991000E-01
   8.138000E+08   3.221000E+05   1.764000E+09   4.992000E-01
   8.232000E+08   3.160000E+05   1.753000E+09   4.992000E-01
   8.326000E+08   3.097000E+05   1.741000E+09   4.992000E-01
   8.422000E+08   3.037000E+05   1.730000E+09   4.992000E-01
   8.519000E+08   2.977000E+05   1.719000E+09   4.992000E-01
   8.617000E+08   2.922000E+05   1.708000E+09   4.992000E-01
   8.715000E+08   2.866000E+05   1.697000E+09   4.992000E-01
   8.815000E+08   2.812000E+05   1.687000E+09   4.992000E-01
   8.916000E+08   2.757000E+05   1.675000E+09   4.992000E-01
   9.019000E+08   2.702000E+05   1.664000E+09   4.992000E-01
   9.122000E+08   2.648000E+05   1.653000E+09   4.992000E-01
   9.227000E+08   2.596000E+05   1.642000E+09   4.992000E-01
   9.333000E+08   2.546000E+05   1.632000E+09   4.992000E-01
   9.440000E+08   2.495000E+05   1.621000E+09   4.992000E-01
   9.548000E+08   2.445000E+05   1.610000E+09   4.992000E-01
   9.657000E+08   2.396000E+05   1.599000E+09   4.992000E-01
   9.768000E+08   2.350000E+05   1.589000E+09   4.992000E-01
   9.880000E+08   2.304000E+05   1.578000E+09   4.992000E-01
   9.993000E+08   2.256000E+05   1.567000E+09   4.992000E-01
   1.011000E+09   2.209000E+05   1.556000E+09   4.992000E-01
   1.022000E+09   2.163000E+05   1.545000E+09   4.992000E-01
   1.034000E+09   2.119000E+05   1.534000E+09   4.992000E-01
   1.046000E+09   2.076000E+05   1.524000E+09   4.992000E-01
   1.058000E+09   2.035000E+05   1.514000E+09   4.992000E-01
   1.070000E+09   1.995000E+05   1.503000E+09   4.992000E-01
   1.083000E+09   1.952000E+05   1.492000E+09   4.992000E-01
   1.095000E+09   1.910000E+05   1.481000E+09   4.992000E-01
   1.108000E+09   1.870000E+05   1.471000E+09   4.992000E-01
   1.120000E+09   1.830000E+05   1.460000E+09   4.992000E-01
   1.133000E+09   1.793000E+05   1.450000E+09   4.992000E-01
   1.146000E+09   1.754000E+05   1.439000E+09   4.992000E-01
   1.159000E+09   1.717000E+05   1.429000E+09   4.992000E-01
   1.173000E+09   1.681000E+05   1.419000E+09   4.992000E-01
   1.186000E+09   1.645000E+05   1.409000E+09   4.992000E-01
   1.200000E+09   1.609000E+05   1.399000E+09   4.992000E-01
   1.214000E+09   1.574000E+05   1.388000E+09   4.992000E-01
   1.228000E+09   1.540000E+05   1.378000E+09   4.992000E-01
   1.242000E+09   1.505000E+05   1.367000E+09   4.992000E-01
   1.256000E+09   1.472000E+05   1.357000E+09   4.992000E-01
   1.271000E+09   1.440000E+05   1.347000E+09   4.992000E-01
   1.285000E+09   1.410000E+05   1.337000E+09   4.992000E-01
   1.300000E+09   1.378000E+05   1.326000E+09   4.992000E-01
   1.315000E+09   1.347000E+05   1.316000E+09   4.992000E-01
   1.331000E+09   1.316000E+05   1.305000E+09   4.992000E-01
   1.346000E+09   1.286000E+05   1.295000E+09   4.992000E-01
   1.362000E+09   1.257000E+05   1.285000E+09   4.992000E-01
   1.377000E+09   1.229000E+05   1.275000E+09   4.992000E-01
   1.393000E+09   1.201000E+05   1.265000E+09   4.992000E-01
   1.409000E+09   1.174000E+05   1.255000E+09   4.992000E-01
   1.426000E+09   1.146000E+05   1.244000E+09   4.992000E-01
   1.442000E+09   1.119000E+05   1.234000E+09   4.992000E-01
   1.459000E+09   1.093000E+05   1.224000E+09   4.992000E-01
   1.476000E+09   1.067000E+05   1.214000E+09   4.992000E-01
   1.493000E+09   1.043000E+05   1.204000E+09   4.992000E-01
   1.510000E+09   1.018000E+05   1.194000E+09   4.992000E-01
   1.528000E+09   9.936000E+04   1.184000E+09   4.992000E-01
   1.546000E+09   9.692000E+04   1.173000E+09   4.992000E-01
   1.564000E+09   9.458000E+04   1.163000E+09   4.992000E-01
   1.582000E+09   9.231000E+04   1.153000E+09   4.992000E-01
   1.600000E+09   9.009000E+04   1.143000E+09   4.992000E-01
   1.619000E+09   8.787000E+04   1.133000E+09   4.992000E-01
   1.638000E+09   8.571000E+04   1.123000E+09   4.992000E-01
   1.657000E+09   8.353000E+04   1.113000E+09   4.992000E-01
   1.676000E+09   8.145000E+04   1.103000E+09   4.992000E-01
   1.696000E+09   7.944000E+04   1.093000E+09   4.992000E-01
   1.716000E+09   7.741000E+04   1.083000E+09   4.992000E-01
   1.736000E+09   7.543000E+04   1.073000E+09   4.992000E-01
   1.756000E+09   7.351000E+04   1.064000E+09   4.992000E-01
   1.777000E+09   7.163000E+04   1.054000E+09   4.992000E-01
   1.798000E+09   6.975000E+04   1.044000E+09   4.992000E-01
   1.819000E+09   6.791000E+04   1.034000E+09   4.992000E-01
   1.840000E+09   6.612000E+04   1.024000E+09   4.992000E-01
   1.862000E+09   6.438000E+04   1.014000E+09   4.992000E-01
   1.883000E+09   6.269000E+04   1.005000E+09   4.992000E-01
   1.906000E+09   6.099000E+04   9.947000E+08   4.992000E-01
   1.928000E+09   5.932000E+04   9.847000E+08   4.992000E-01
   1.951000E+09   5.770000E+04   9.750000E+08   4.992000E-01
   1.973000E+09   5.611000E+04   9.652000E+08   4.992000E-01
   1.997000E+09   5.457000E+04   9.555000E+08   4.992000E-01
   2.020000E+09   5.307000E+04   9.459000E+08   4.992000E-01
   2.044000E+09   5.157000E+04   9.362000E+08   4.992000E-01
   2.068000E+09   5.010000E+04   9.264000E+08   4.992000E-01
   2.092000E+09   4.865000E+04   9.166000E+08   4.992000E-01
   2.117000E+09   4.725000E+04   9.069000E+08   4.992000E-01
   2.142000E+09   4.592000E+04   8.975000E+08   4.992000E-01
   2.167000E+09   4.458000E+04   8.879000E+08   4.992000E-01
   2.193000E+09   4.324000E+04   8.781000E+08   4.992000E-01
   2.219000E+09   4.194000E+04   8.683000E+08   4.992000E-01
   2.245000E+09   4.070000E+04   8.589000E+08   4.992000E-01
   2.271000E+09   3.948000E+04   8.494000E+08   4.992000E-01
   2.298000E+09   3.829000E+04   8.400000E+08   4.992000E-01
   2.325000E+09   3.709000E+04   8.303000E+08   4.992000E-01
   2.353000E+09   3.594000E+04   8.208000E+08   4.992000E-01
   2.381000E+09   3.481000E+04   8.113000E+08   4.992000E-01
   2.409000E+09   3.373000E+04   8.019000E+08   4.992000E-01
   2.437000E+09   3.266000E+04   7.925000E+08   4.992000E-01
   2.466000E+09   3.161000E+04   7.831000E+08   4.992000E-01
   2.496000E+09   3.057000E+04   7.735000E+08   4.992000E-01
   2.525000E+09   2.957000E+04   7.641000E+08   4.992000E-01
   2.555000E+09   2.861000E+04   7.549000E+08   4.992000E-01
   2.585000E+09   2.766000E+04   7.456000E+08   4.992000E-01
   2.616000E+09   2.671000E+04   7.361000E+08   4.992000E-01
   2.647000E+09   2.581000E+04   7.268000E+08   4.992000E-01
   2.679000E+09   2.493000E+04   7.176000E+08   4.992000E-01
   2.711000E+09   2.407000E+04   7.084000E+08   4.992000E-01
   2.743000E+09   2.322000E+04   6.991000E+08   4.992000E-01
   2.775000E+09   2.240000E+04   6.899000E+08   4.992000E-01
   2.808000E+09   2.160000E+04   6.807000E+08   4.992000E-01
   2.842000E+09   2.083000E+04   6.715000E+08   4.992000E-01
   2.876000E+09   2.007000E+04   6.624000E+08   4.992000E-01
   2.910000E+09   1.932000E+04   6.532000E+08   4.992000E-01
   2.945000E+09   1.860000E+04   6.441000E+08   4.992000E-01
   2.980000E+09   1.791000E+04   6.351000E+08   4.992000E-01
   3.015000E+09   1.723000E+04   6.260000E+08   4.992000E-01
   3.051000E+09   1.656000E+04   6.169000E+08   4.992000E-01
   3.088000E+09   1.592000E+04   6.073000E+08   4.992000E-01
   3.124000E+09   1.523000E+04   5.976000E+08   4.993000E-01
   3.162000E+09   1.453000E+04   5.898000E+08   4.993000E-01
   3.199000E+09   1.385000E+04   5.820000E+08   4.993000E-01
   3.238000E+09   1.320000E+04   5.744000E+08   4.993000E-01
   3.276000E+09   1.257000E+04   5.669000E+08   4.993000E-01
   3.315000E+09   1.197000E+04   5.595000E+08   4.993000E-01
   3.355000E+09   1.138000E+04   5.522000E+08   4.993000E-01
   3.395000E+09   1.082000E+04   5.450000E+08   4.993000E-01
   3.436000E+09   1.028000E+04   5.381000E+08   4.993000E-01
   3.477000E+09   9.763000E+03   5.313000E+08   4.993000E-01
   3.519000E+09   9.261000E+03   5.246000E+08   4.993000E-01
   3.561000E+09   8.779000E+03   5.180000E+08   4.993000E-01
   3.603000E+09   8.318000E+03   5.117000E+08   4.993000E-01
   3.647000E+09   7.876000E+03   5.056000E+08   4.993000E-01
   3.690000E+09   7.444000E+03   4.997000E+08   4.993000E-01
   3.734000E+09   7.021000E+03   4.941000E+08   4.993000E-01
   3.779000E+09   6.615000E+03   4.887000E+08   4.993000E-01
   3.825000E+09   6.227000E+03   4.836000E+08   4.993000E-01
   3.871000E+09   5.854000E+03   4.789000E+08   4.993000E-01
   3.917000E+09   5.499000E+03   4.744000E+08   4.993000E-01
   3.964000E+09   5.159000E+03   4.701000E+08   4.993000E-01
   4.012000E+09   4.839000E+03   4.658000E+08   4.993000E-01
   4.060000E+09   4.541000E+03   4.617000E+08   4.993000E-01
   4.109000E+09   4.273000E+03   4.575000E+08   4.993000E-01
   4.158000E+09   4.023000E+03   4.536000E+08   4.993000E-01
   4.208000E+09   3.785000E+03   4.498000E+08   4.993000E-01
   4.258000E+09   3.506000E+03   4.473000E+08   4.994000E-01
   4.310000E+09   3.346000E+03   4.427000E+08   4.993000E-01
   4.362000E+09   3.198000E+03   4.358000E+08   4.993000E-01
   4.414000E+09   3.094000E+03   4.307000E+08   4.993000E-01
   4.467000E+09   2.992000E+03   4.255000E+08   4.993000E-01
   4.521000E+09   2.894000E+03   4.204000E+08   4.993000E-01
   4.575000E+09   2.796000E+03   4.153000E+08   4.993000E-01
   4.630000E+09   2.702000E+03   4.102000E+08   4.993000E-01
   4.686000E+09   2.612000E+03   4.052000E+08   4.993000E-01
   4.743000E+09   2.525000E+03   4.003000E+08   4.993000E-01
   4.800000E+09   2.439000E+03   3.954000E+08   4.993000E-01
   4.858000E+09   2.354000E+03   3.904000E+08   4.993000E-01
   4.916000E+09   2.274000E+03   3.855000E+08   4.993000E-01
   4.976000E+09   2.197000E+03   3.807000E+08   4.993000E-01
   5.036000E+09   2.121000E+03   3.760000E+08   4.993000E-01
   5.096000E+09   2.047000E+03   3.712000E+08   4.993000E-01
   5.158000E+09   1.974000E+03   3.664000E+08   4.993000E-01
   5.220000E+09   1.905000E+03   3.617000E+08   4.993000E-01
   5.283000E+09   1.839000E+03   3.571000E+08   4.993000E-01
   5.347000E+09   1.773000E+03   3.525000E+08   4.993000E-01
   5.412000E+09   1.709000E+03   3.478000E+08   4.993000E-01
   5.477000E+09   1.647000E+03   3.432000E+08   4.993000E-01
   5.543000E+09   1.588000E+03   3.387000E+08   4.993000E-01
   5.610000E+09   1.531000E+03   3.342000E+08   4.993000E-01
   5.678000E+09   1.474000E+03   3.297000E+08   4.993000E-01
   5.747000E+09   1.419000E+03   3.252000E+08   4.993000E-01
   5.816000E+09   1.367000E+03   3.208000E+08   4.993000E-01
   5.887000E+09   1.316000E+03   3.165000E+08   4.993000E-01
   5.958000E+09   1.267000E+03   3.122000E+08   4.993000E-01
   6.030000E+09   1.217000E+03   3.076000E+08   4.993000E-01
   6.103000E+09   1.168000E+03   3.034000E+08   4.993000E-01
   6.177000E+09   1.119000E+03   2.953000E+08   4.993000E-01
   6.252000E+09   9.145000E+02   2.912000E+08   4.993000E-01
