# VX_G15/datafileVX-G15h+100.txt from Rampp & Janka (2002)
number of variables = 3
number of lines = 400
dens
temp
ye  
   1.167000E+04   4.558000E+14   1.535279E+11   2.669000E-01
   3.500000E+04   4.502000E+14   1.730235E+11   2.821000E-01
   5.833000E+04   4.492000E+14   1.734877E+11   2.836000E-01
   9.272000E+04   4.476000E+14   1.722112E+11   2.813000E-01
   1.302000E+05   4.455000E+14   1.689619E+11   2.798000E-01
   1.545000E+05   4.434000E+14   1.676854E+11   2.796000E-01
   1.703000E+05   4.418000E+14   1.668731E+11   2.795000E-01
   1.806000E+05   4.407000E+14   1.665249E+11   2.794000E-01
   1.872000E+05   4.399000E+14   1.661768E+11   2.794000E-01
   1.925000E+05   4.393000E+14   1.659447E+11   2.793000E-01
   1.980000E+05   4.386000E+14   1.657126E+11   2.793000E-01
   2.036000E+05   4.379000E+14   1.654805E+11   2.792000E-01
   2.094000E+05   4.372000E+14   1.651324E+11   2.792000E-01
   2.153000E+05   4.364000E+14   1.649003E+11   2.791000E-01
   2.214000E+05   4.355000E+14   1.646682E+11   2.791000E-01
   2.277000E+05   4.346000E+14   1.643201E+11   2.790000E-01
   2.342000E+05   4.337000E+14   1.639719E+11   2.789000E-01
   2.408000E+05   4.327000E+14   1.636238E+11   2.789000E-01
   2.476000E+05   4.316000E+14   1.632757E+11   2.788000E-01
   2.547000E+05   4.305000E+14   1.629275E+11   2.787000E-01
   2.619000E+05   4.293000E+14   1.625794E+11   2.786000E-01
   2.693000E+05   4.281000E+14   1.621152E+11   2.785000E-01
   2.770000E+05   4.268000E+14   1.616510E+11   2.784000E-01
   2.848000E+05   4.254000E+14   1.611869E+11   2.783000E-01
   2.929000E+05   4.239000E+14   1.607227E+11   2.782000E-01
   3.012000E+05   4.224000E+14   1.601424E+11   2.780000E-01
   3.098000E+05   4.207000E+14   1.596783E+11   2.779000E-01
   3.186000E+05   4.189000E+14   1.592141E+11   2.777000E-01
   3.276000E+05   4.171000E+14   1.587499E+11   2.776000E-01
   3.369000E+05   4.151000E+14   1.582857E+11   2.774000E-01
   3.465000E+05   4.130000E+14   1.579376E+11   2.772000E-01
   3.563000E+05   4.108000E+14   1.575895E+11   2.770000E-01
   3.664000E+05   4.084000E+14   1.571253E+11   2.768000E-01
   3.768000E+05   4.059000E+14   1.568932E+11   2.766000E-01
   3.875000E+05   4.032000E+14   1.563130E+11   2.764000E-01
   3.985000E+05   4.004000E+14   1.557327E+11   2.761000E-01
   4.098000E+05   3.975000E+14   1.551525E+11   2.759000E-01
   4.214000E+05   3.944000E+14   1.544562E+11   2.756000E-01
   4.334000E+05   3.911000E+14   1.537600E+11   2.753000E-01
   4.457000E+05   3.876000E+14   1.530637E+11   2.749000E-01
   4.583000E+05   3.840000E+14   1.523674E+11   2.745000E-01
   4.713000E+05   3.801000E+14   1.516711E+11   2.741000E-01
   4.847000E+05   3.760000E+14   1.510909E+11   2.737000E-01
   4.984000E+05   3.717000E+14   1.503947E+11   2.732000E-01
   5.126000E+05   3.671000E+14   1.498144E+11   2.727000E-01
   5.271000E+05   3.622000E+14   1.490021E+11   2.721000E-01
   5.421000E+05   3.571000E+14   1.480737E+11   2.715000E-01
   5.575000E+05   3.517000E+14   1.472614E+11   2.708000E-01
   5.733000E+05   3.460000E+14   1.464491E+11   2.701000E-01
   5.896000E+05   3.400000E+14   1.457528E+11   2.693000E-01
   6.063000E+05   3.336000E+14   1.451726E+11   2.684000E-01
   6.235000E+05   3.267000E+14   1.444763E+11   2.675000E-01
   6.412000E+05   3.196000E+14   1.436640E+11   2.665000E-01
   6.594000E+05   3.119000E+14   1.433159E+11   2.655000E-01
   6.781000E+05   3.037000E+14   1.436640E+11   2.643000E-01
   6.973000E+05   2.947000E+14   1.445924E+11   2.632000E-01
   7.171000E+05   2.851000E+14   1.462170E+11   2.620000E-01
   7.375000E+05   2.746000E+14   1.492342E+11   2.607000E-01
   7.584000E+05   2.631000E+14   1.535279E+11   2.596000E-01
   7.799000E+05   2.505000E+14   1.590980E+11   2.585000E-01
   8.021000E+05   2.366000E+14   1.665249E+11   2.577000E-01
   8.248000E+05   2.214000E+14   1.758085E+11   2.573000E-01
   8.482001E+05   2.045000E+14   1.870650E+11   2.576000E-01
   8.722999E+05   1.860000E+14   2.005262E+11   2.591000E-01
   8.970000E+05   1.661000E+14   2.158442E+11   2.621000E-01
   9.225001E+05   1.455000E+14   2.320905E+11   2.669000E-01
   9.487001E+05   1.256000E+14   2.482208E+11   2.731000E-01
   9.755999E+05   1.076000E+14   2.630746E+11   2.803000E-01
   1.003000E+06   9.244000E+13   2.756075E+11   2.866000E-01
   1.032000E+06   8.043000E+13   2.854713E+11   2.900000E-01
   1.061000E+06   7.042000E+13   2.935945E+11   2.931000E-01
   1.091000E+06   6.218000E+13   3.003251E+11   2.946000E-01
   1.122000E+06   5.556000E+13   3.051990E+11   2.940000E-01
   1.154000E+06   5.007000E+13   3.086804E+11   2.918000E-01
   1.187000E+06   4.552000E+13   3.108853E+11   2.879000E-01
   1.220000E+06   4.167000E+13   3.116975E+11   2.828000E-01
   1.255000E+06   3.838000E+13   3.114654E+11   2.768000E-01
   1.291000E+06   3.553000E+13   3.101889E+11   2.701000E-01
   1.327000E+06   3.304000E+13   3.078681E+11   2.628000E-01
   1.365000E+06   3.084000E+13   3.047348E+11   2.551000E-01
   1.404000E+06   2.887000E+13   3.007893E+11   2.472000E-01
   1.443000E+06   2.710000E+13   2.960315E+11   2.392000E-01
   1.484000E+06   2.549000E+13   2.906933E+11   2.311000E-01
   1.527000E+06   2.400000E+13   2.850071E+11   2.230000E-01
   1.570000E+06   2.261000E+13   2.786247E+11   2.153000E-01
   1.614000E+06   2.132000E+13   2.720101E+11   2.075000E-01
   1.660000E+06   2.009000E+13   2.650474E+11   2.002000E-01
   1.707000E+06   1.893000E+13   2.577365E+11   1.930000E-01
   1.756000E+06   1.781000E+13   2.503096E+11   1.863000E-01
   1.805000E+06   1.674000E+13   2.426506E+11   1.797000E-01
   1.857000E+06   1.571000E+13   2.348756E+11   1.735000E-01
   1.909000E+06   1.472000E+13   2.271006E+11   1.675000E-01
   1.964000E+06   1.376000E+13   2.192095E+11   1.619000E-01
   2.019000E+06   1.283000E+13   2.112024E+11   1.565000E-01
   2.077000E+06   1.193000E+13   2.033113E+11   1.514000E-01
   2.136000E+06   1.106000E+13   1.954202E+11   1.466000E-01
   2.196000E+06   1.022000E+13   1.876452E+11   1.421000E-01
   2.259000E+06   9.410000E+12   1.799862E+11   1.378000E-01
   2.323000E+06   8.628000E+12   1.724432E+11   1.338000E-01
   2.389000E+06   7.870000E+12   1.651324E+11   1.304000E-01
   2.456000E+06   7.146000E+12   1.580536E+11   1.272000E-01
   2.526000E+06   6.452000E+12   1.512070E+11   1.245000E-01
   2.598000E+06   5.791000E+12   1.448245E+11   1.223000E-01
   2.671000E+06   5.164000E+12   1.387901E+11   1.209000E-01
   2.747000E+06   4.581000E+12   1.332199E+11   1.199000E-01
   2.825000E+06   4.042000E+12   1.278819E+11   1.195000E-01
   2.905000E+06   3.552000E+12   1.230080E+11   1.194000E-01
   2.988000E+06   3.110000E+12   1.182501E+11   1.198000E-01
   3.073000E+06   2.717000E+12   1.138056E+11   1.203000E-01
   3.160000E+06   2.369000E+12   1.095119E+11   1.208000E-01
   3.249000E+06   2.062000E+12   1.053459E+11   1.216000E-01
   3.341000E+06   1.793000E+12   1.012727E+11   1.222000E-01
   3.436000E+06   1.558000E+12   9.731555E+10   1.228000E-01
   3.534000E+06   1.351000E+12   9.346285E+10   1.234000E-01
   3.634000E+06   1.170000E+12   8.970298E+10   1.241000E-01
   3.737000E+06   1.012000E+12   8.605916E+10   1.248000E-01
   3.843000E+06   8.735000E+11   8.256619E+10   1.255000E-01
   3.952000E+06   7.518000E+11   7.922409E+10   1.265000E-01
   4.065000E+06   6.456000E+11   7.602124E+10   1.277000E-01
   4.180000E+06   5.529000E+11   7.300406E+10   1.292000E-01
   4.298000E+06   4.722000E+11   7.016096E+10   1.309000E-01
   4.420000E+06   4.020000E+11   6.749192E+10   1.332000E-01
   4.546000E+06   3.415000E+11   6.499694E+10   1.357000E-01
   4.675000E+06   2.893000E+11   6.268765E+10   1.388000E-01
   4.808000E+06   2.445000E+11   6.051760E+10   1.425000E-01
   4.944000E+06   2.063000E+11   5.853322E+10   1.465000E-01
   5.084000E+06   1.737000E+11   5.669971E+10   1.512000E-01
   5.228000E+06   1.462000E+11   5.500545E+10   1.565000E-01
   5.377000E+06   1.229000E+11   5.346204E+10   1.624000E-01
   5.529000E+06   1.032000E+11   5.203469E+10   1.689000E-01
   5.686000E+06   8.676000E+10   5.072338E+10   1.761000E-01
   5.848000E+06   7.293000E+10   4.953972E+10   1.838000E-01
   6.014000E+06   6.135000E+10   4.846050E+10   1.924000E-01
   6.184000E+06   5.168000E+10   4.745091E+10   2.013000E-01
   6.360000E+06   4.356000E+10   4.653415E+10   2.110000E-01
   6.540000E+06   3.684000E+10   4.568702E+10   2.211000E-01
   6.726000E+06   3.120000E+10   4.490951E+10   2.316000E-01
   6.917000E+06   2.652000E+10   4.416682E+10   2.426000E-01
   7.113000E+06   2.265000E+10   4.342413E+10   2.533000E-01
   7.315000E+06   1.944000E+10   4.271626E+10   2.639000E-01
   7.522000E+06   1.677000E+10   4.196196E+10   2.740000E-01
   7.736000E+06   1.457000E+10   4.111483E+10   2.830000E-01
   7.955000E+06   1.276000E+10   4.025610E+10   2.912000E-01
   8.181000E+06   1.129000E+10   3.932774E+10   2.982000E-01
   8.413000E+06   1.001000E+10   3.824851E+10   3.046000E-01
   8.652000E+06   8.978000E+09   3.718090E+10   3.105000E-01
   8.897000E+06   8.127000E+09   3.600884E+10   3.163000E-01
   9.150000E+06   7.387000E+09   3.469753E+10   3.229000E-01
   9.409000E+06   6.765000E+09   3.336301E+10   3.314000E-01
   9.676000E+06   6.197000E+09   3.201689E+10   3.422000E-01
   9.951000E+06   5.668000E+09   3.062434E+10   3.559000E-01
   1.023000E+07   5.200000E+09   2.926661E+10   3.709000E-01
   1.052000E+07   4.759000E+09   2.785086E+10   3.878000E-01
   1.082000E+07   4.381000E+09   2.637708E+10   4.045000E-01
   1.113000E+07   4.030000E+09   2.477566E+10   4.221000E-01
   1.145000E+07   3.711000E+09   2.309300E+10   4.379000E-01
   1.177000E+07   3.430000E+09   2.124789E+10   4.539000E-01
   1.210000E+07   3.094000E+09   1.958844E+10   4.663000E-01
   1.245000E+07   2.856000E+09   1.812627E+10   4.785000E-01
   1.280000E+07   2.338000E+09   1.722111E+10   4.855000E-01
   1.316000E+07   1.995000E+09   1.624633E+10   4.919000E-01
   1.354000E+07   1.321000E+09   1.487700E+10   4.937000E-01
   1.392000E+07   3.512000E+08   1.138056E+10   4.941000E-01
   1.432000E+07   1.933000E+08   8.846129E+09   4.941000E-01
   1.472000E+07   1.744000E+08   7.799401E+09   4.945000E-01
   1.514000E+07   1.636000E+08   7.551064E+09   4.946000E-01
   1.557000E+07   1.604000E+08   7.462871E+09   4.948000E-01
   1.601000E+07   1.536000E+08   7.289962E+09   4.949000E-01
   1.647000E+07   1.506000E+08   7.199448E+09   4.951000E-01
   1.693000E+07   1.442000E+08   7.011454E+09   4.951000E-01
   1.741000E+07   1.411000E+08   6.954592E+09   4.953000E-01
   1.791000E+07   1.346000E+08   6.845510E+09   4.954000E-01
   1.842000E+07   1.312000E+08   6.816498E+09   4.956000E-01
   1.894000E+07   1.242000E+08   6.723662E+09   4.957000E-01
   1.948000E+07   1.202000E+08   6.626184E+09   4.959000E-01
   2.003000E+07   1.134000E+08   6.570482E+09   4.960000E-01
   2.060000E+07   1.097000E+08   6.534508E+09   4.962000E-01
   2.118000E+07   1.023000E+08   6.466041E+09   4.964000E-01
   2.178000E+07   9.716000E+07   6.403377E+09   4.966000E-01
   2.240000E+07   9.076000E+07   6.314022E+09   4.967000E-01
   2.304000E+07   8.877000E+07   6.249037E+09   4.968000E-01
   2.369000E+07   8.620000E+07   6.168966E+09   4.969000E-01
   2.436000E+07   8.492000E+07   6.138793E+09   4.970000E-01
   2.505000E+07   8.096000E+07   6.091215E+09   4.971000E-01
   2.576000E+07   7.514000E+07   6.036674E+09   4.973000E-01
   2.650000E+07   7.019000E+07   5.947319E+09   4.974000E-01
   2.725000E+07   6.926000E+07   5.883494E+09   4.975000E-01
   2.802000E+07   6.905000E+07   5.806904E+09   4.975000E-01
   2.882000E+07   6.937000E+07   5.755844E+09   4.976000E-01
   2.963000E+07   6.541000E+07   5.671132E+09   4.977000E-01
   3.048000E+07   5.932000E+07   5.796461E+09   4.979000E-01
   3.134000E+07   5.869000E+07   6.631986E+09   4.980000E-01
   3.223000E+07   5.941000E+07   5.596862E+09   4.980000E-01
   3.314000E+07   5.681000E+07   6.727143E+09   4.980000E-01
   3.408000E+07   5.282000E+07   6.633147E+09   4.980000E-01
   3.505000E+07   5.216000E+07   6.572803E+09   4.980000E-01
   3.604000E+07   5.075000E+07   6.374366E+09   4.980000E-01
   3.707000E+07   4.752000E+07   6.416142E+09   4.980000E-01
   3.812000E+07   4.522000E+07   6.336071E+09   4.980000E-01
   3.919000E+07   4.398000E+07   6.303578E+09   4.980000E-01
   4.028000E+07   4.133000E+07   6.164324E+09   4.980000E-01
   4.138000E+07   3.994000E+07   6.103981E+09   4.980000E-01
   4.249000E+07   3.936000E+07   5.969368E+09   4.980000E-01
   4.362000E+07   3.785000E+07   5.881174E+09   4.980000E-01
   4.476000E+07   3.679000E+07   5.819670E+09   4.980000E-01
   4.592000E+07   3.482000E+07   5.743079E+09   4.980000E-01
   4.709000E+07   3.426000E+07   5.696662E+09   4.980000E-01
   4.828000E+07   3.288000E+07   5.598023E+09   4.980000E-01
   4.948000E+07   3.092000E+07   5.646762E+09   4.980000E-01
   5.069000E+07   3.014000E+07   5.502866E+09   4.980000E-01
   5.192000E+07   2.931000E+07   5.444843E+09   4.980000E-01
   5.317000E+07   2.861000E+07   5.396104E+09   4.980000E-01
   5.443000E+07   2.727000E+07   5.317193E+09   4.980000E-01
   5.571000E+07   2.695000E+07   5.266134E+09   4.980000E-01
   5.700000E+07   2.643000E+07   5.122237E+09   4.980000E-01
   5.831000E+07   2.526000E+07   5.131521E+09   4.980000E-01
   5.963000E+07   2.435000E+07   5.096708E+09   4.980000E-01
   6.098000E+07   2.310000E+07   5.056092E+09   4.980000E-01
   6.233000E+07   2.283000E+07   5.021278E+09   4.980000E-01
   6.371000E+07   2.224000E+07   4.914516E+09   4.980000E-01
   6.510000E+07   2.120000E+07   4.933084E+09   4.980000E-01
   6.651000E+07   2.086000E+07   4.812397E+09   4.980000E-01
   6.794000E+07   2.037000E+07   4.779904E+09   4.980000E-01
   6.939000E+07   2.020000E+07   4.742769E+09   4.980000E-01
   7.085000E+07   1.933000E+07   4.674302E+09   4.980000E-01
   7.233000E+07   1.856000E+07   4.642971E+09   4.980000E-01
   7.383000E+07   1.826000E+07   4.631366E+09   4.980000E-01
   7.535000E+07   1.763000E+07   4.594232E+09   4.980000E-01
   7.689000E+07   1.723000E+07   4.530406E+09   4.980000E-01
   7.845000E+07   1.692000E+07   4.478186E+09   4.980000E-01
   8.003000E+07   1.653000E+07   4.437571E+09   4.980000E-01
   8.162000E+07   1.573000E+07   4.410880E+09   4.980000E-01
   8.324000E+07   1.506000E+07   4.386510E+09   4.980000E-01
   8.488000E+07   1.479000E+07   4.313402E+09   4.980000E-01
   8.654000E+07   1.440000E+07   4.247256E+09   4.980000E-01
   8.821000E+07   1.412000E+07   4.218245E+09   4.980000E-01
   8.991000E+07   1.344000E+07   4.186913E+09   4.980000E-01
   9.163000E+07   1.319000E+07   4.181111E+09   4.980000E-01
   9.338000E+07   1.294000E+07   4.139334E+09   4.980000E-01
   9.514000E+07   1.244000E+07   4.149778E+09   4.980000E-01
   9.692000E+07   1.218000E+07   4.142815E+09   4.980000E-01
   9.873000E+07   1.184000E+07   4.112644E+09   4.980000E-01
   1.006000E+08   1.182000E+07   4.104521E+09   4.980000E-01
   1.024000E+08   1.252000E+07   4.023289E+09   4.981000E-01
   1.043000E+08   1.309000E+07   4.110323E+09   4.983000E-01
   1.062000E+08   1.299000E+07   4.182271E+09   4.985000E-01
   1.081000E+08   1.724000E+07   4.727684E+09   4.989000E-01
   1.101000E+08   1.434000E+07   4.087114E+09   4.993000E-01
   1.120000E+08   9.403000E+06   4.092916E+09   5.000000E-01
   1.140000E+08   6.591000E+06   3.788877E+09   5.000000E-01
   1.161000E+08   5.569000E+06   3.815568E+09   5.000000E-01
   1.181000E+08   5.298000E+06   3.853863E+09   5.000000E-01
   1.202000E+08   5.160000E+06   3.807445E+09   5.000000E-01
   1.223000E+08   4.906000E+06   3.824851E+09   5.000000E-01
   1.244000E+08   4.558000E+06   3.803963E+09   5.000000E-01
   1.266000E+08   4.484000E+06   3.791198E+09   5.000000E-01
   1.287000E+08   4.452000E+06   3.765668E+09   5.000000E-01
   1.309000E+08   4.349000E+06   3.734336E+09   5.000000E-01
   1.332000E+08   4.336000E+06   3.721571E+09   5.000000E-01
   1.354000E+08   4.213000E+06   3.698362E+09   5.000000E-01
   1.377000E+08   4.119000E+06   3.692560E+09   5.000000E-01
   1.400000E+08   4.014000E+06   3.664709E+09   5.000000E-01
   1.424000E+08   3.981000E+06   3.648463E+09   5.000000E-01
   1.448000E+08   3.898000E+06   3.607847E+09   5.000000E-01
   1.472000E+08   3.792000E+06   3.595082E+09   5.000000E-01
   1.496000E+08   3.743000E+06   3.562589E+09   5.000000E-01
   1.521000E+08   3.596000E+06   3.559108E+09   5.000000E-01
   1.546000E+08   3.560000E+06   3.519652E+09   5.000000E-01
   1.571000E+08   3.490000E+06   3.511529E+09   5.000000E-01
   1.596000E+08   3.472000E+06   3.484839E+09   5.000000E-01
   1.622000E+08   3.372000E+06   3.463951E+09   5.000000E-01
   1.649000E+08   3.302000E+06   3.438421E+09   5.000000E-01
   1.675000E+08   3.234000E+06   3.409410E+09   5.000000E-01
   1.702000E+08   3.213000E+06   3.392003E+09   5.000000E-01
   1.729000E+08   3.136000E+06   3.358350E+09   5.000000E-01
   1.757000E+08   3.083000E+06   3.346745E+09   5.000000E-01
   1.785000E+08   3.064000E+06   3.302648E+09   5.000000E-01
   1.813000E+08   2.973000E+06   3.298006E+09   5.000000E-01
   1.842000E+08   2.902000E+06   3.271315E+09   5.000000E-01
   1.871000E+08   2.888000E+06   3.259711E+09   5.000000E-01
   1.900000E+08   2.852000E+06   3.226058E+09   5.000000E-01
   1.930000E+08   2.752000E+06   3.221416E+09   5.000000E-01
   1.960000E+08   2.713000E+06   3.168035E+09   5.000000E-01
   1.990000E+08   2.583000E+06   3.164554E+09   5.000000E-01
   2.021000E+08   2.546000E+06   3.106531E+09   5.000000E-01
   2.052000E+08   2.453000E+06   3.100729E+09   5.000000E-01
   2.084000E+08   2.417000E+06   3.054311E+09   5.000000E-01
   2.116000E+08   2.334000E+06   3.050830E+09   5.000000E-01
   2.148000E+08   2.318000E+06   3.009053E+09   5.000000E-01
   2.181000E+08   2.247000E+06   3.004411E+09   5.000000E-01
   2.215000E+08   2.197000E+06   2.967277E+09   5.000000E-01
   2.248000E+08   2.144000E+06   2.946389E+09   5.000000E-01
   2.282000E+08   2.092000E+06   2.919698E+09   5.000000E-01
   2.317000E+08   2.050000E+06   2.902291E+09   5.000000E-01
   2.352000E+08   2.006000E+06   2.879083E+09   5.000000E-01
   2.387000E+08   1.957000E+06   2.858194E+09   5.000000E-01
   2.423000E+08   1.912000E+06   2.838467E+09   5.000000E-01
   2.459000E+08   1.854000E+06   2.812937E+09   5.000000E-01
   2.496000E+08   1.825000E+06   2.796690E+09   5.000000E-01
   2.533000E+08   1.794000E+06   2.780444E+09   5.000000E-01
   2.571000E+08   1.777000E+06   2.770000E+09   5.000000E-01
   2.609000E+08   1.745000E+06   2.751433E+09   5.000000E-01
   2.647000E+08   1.706000E+06   2.730545E+09   5.000000E-01
   2.686000E+08   1.627000E+06   2.685287E+09   5.000000E-01
   2.726000E+08   1.576000E+06   2.656276E+09   5.000000E-01
   2.766000E+08   1.483000E+06   2.602895E+09   5.000000E-01
   2.806000E+08   1.421000E+06   2.568081E+09   5.000000E-01
   2.848000E+08   1.369000E+06   2.537910E+09   5.000000E-01
   2.889000E+08   1.325000E+06   2.513540E+09   5.000000E-01
   2.931000E+08   1.290000E+06   2.492652E+09   5.000000E-01
   2.974000E+08   1.253000E+06   2.468282E+09   5.000000E-01
   3.017000E+08   1.219000E+06   2.443913E+09   5.000000E-01
   3.060000E+08   1.189000E+06   2.424185E+09   5.000000E-01
   3.105000E+08   1.154000E+06   2.399816E+09   5.000000E-01
   3.150000E+08   1.126000E+06   2.380088E+09   5.000000E-01
   3.195000E+08   1.092000E+06   2.355718E+09   5.000000E-01
   3.241000E+08   1.062000E+06   2.332510E+09   5.000000E-01
   3.287000E+08   1.032000E+06   2.310461E+09   5.000000E-01
   3.334000E+08   1.002000E+06   2.288412E+09   5.000000E-01
   3.382000E+08   9.747000E+05   2.267524E+09   5.000000E-01
   3.430000E+08   9.466000E+05   2.246636E+09   5.000000E-01
   3.479000E+08   9.194000E+05   2.225748E+09   5.000000E-01
   3.528000E+08   8.900000E+05   2.202539E+09   5.000000E-01
   3.578000E+08   8.651000E+05   2.181651E+09   5.000000E-01
   3.629000E+08   8.419000E+05   2.160762E+09   5.000000E-01
   3.680000E+08   8.180000E+05   2.139875E+09   5.000000E-01
   3.732000E+08   7.936000E+05   2.118986E+09   5.000000E-01
   3.785000E+08   7.714000E+05   2.098098E+09   5.000000E-01
   3.838000E+08   7.496000E+05   2.078371E+09   5.000000E-01
   3.892000E+08   7.290000E+05   2.058643E+09   5.000000E-01
   3.947000E+08   7.100000E+05   2.040075E+09   5.000000E-01
   4.002000E+08   6.905000E+05   2.020348E+09   5.000000E-01
   4.058000E+08   6.698000E+05   2.001781E+09   5.000000E-01
   4.115000E+08   6.494000E+05   1.980892E+09   5.000000E-01
   4.172000E+08   6.297000E+05   1.961165E+09   5.000000E-01
   4.230000E+08   6.105000E+05   1.940277E+09   5.000000E-01
   4.289000E+08   5.924000E+05   1.920549E+09   5.000000E-01
   4.349000E+08   5.758000E+05   1.901982E+09   5.000000E-01
   4.409000E+08   5.598000E+05   1.883415E+09   5.000000E-01
   4.470000E+08   5.436000E+05   1.864847E+09   5.000000E-01
   4.532000E+08   5.277000E+05   1.846280E+09   5.000000E-01
   4.594000E+08   5.127000E+05   1.827713E+09   5.000000E-01
   4.658000E+08   4.983000E+05   1.810306E+09   5.000000E-01
   4.722000E+08   4.842000E+05   1.792899E+09   5.000000E-01
   4.787000E+08   4.707000E+05   1.775492E+09   5.000000E-01
   4.853000E+08   4.567000E+05   1.758086E+09   5.000000E-01
   4.919000E+08   4.431000E+05   1.739518E+09   5.000000E-01
   4.987000E+08   4.297000E+05   1.722111E+09   5.000000E-01
   5.055000E+08   4.164000E+05   1.702384E+09   5.000000E-01
   5.124000E+08   4.037000E+05   1.684977E+09   5.000000E-01
   5.194000E+08   3.914000E+05   1.666410E+09   5.000000E-01
   5.265000E+08   3.800000E+05   1.650163E+09   5.000000E-01
   5.337000E+08   3.691000E+05   1.632757E+09   5.000000E-01
   5.410000E+08   3.589000E+05   1.617671E+09   5.000000E-01
   5.483000E+08   3.481000E+05   1.600264E+09   5.000000E-01
   5.558000E+08   3.386000E+05   1.585178E+09   5.000000E-01
   5.633000E+08   3.277000E+05   1.566611E+09   5.000000E-01
   5.709000E+08   3.185000E+05   1.552685E+09   5.000000E-01
   5.787000E+08   3.082000E+05   1.534118E+09   5.000000E-01
   5.865000E+08   2.996000E+05   1.519032E+09   5.000000E-01
   5.944000E+08   2.882000E+05   1.499305E+09   5.000000E-01
   6.025000E+08   2.808000E+05   1.486540E+09   5.000000E-01
   6.106000E+08   2.763000E+05   1.461010E+09   5.000000E-01
   6.188000E+08   2.630000E+05   1.464491E+09   5.000000E-01
   6.271000E+08   2.568000E+05   1.438961E+09   5.000000E-01
   6.356000E+08   2.507000E+05   1.419233E+09   5.000000E-01
   6.441000E+08   2.395000E+05   1.394864E+09   5.000000E-01
   6.528000E+08   2.276000E+05   1.396024E+09   5.000000E-01
   6.615000E+08   2.290000E+05   1.354248E+09   5.000000E-01
   6.704000E+08   2.160000E+05   1.361211E+09   5.000000E-01
   6.794000E+08   2.101000E+05   1.336841E+09   5.000000E-01
   6.884000E+08   2.052000E+05   1.328718E+09   5.000000E-01
   6.976000E+08   1.986000E+05   1.313632E+09   5.000000E-01
   7.070000E+08   1.927000E+05   1.299707E+09   5.000000E-01
   7.164000E+08   1.860000E+05   1.284621E+09   5.000000E-01
   7.259000E+08   1.803000E+05   1.270695E+09   5.000000E-01
   7.356000E+08   1.748000E+05   1.257930E+09   5.000000E-01
   7.454000E+08   1.692000E+05   1.242845E+09   5.000000E-01
   7.553000E+08   1.636000E+05   1.228919E+09   5.000000E-01
   7.653000E+08   1.585000E+05   1.216154E+09   5.000000E-01
   7.755000E+08   1.536000E+05   1.202229E+09   5.000000E-01
   7.858000E+08   1.487000E+05   1.189464E+09   5.000000E-01
   7.962000E+08   1.442000E+05   1.176699E+09   5.000000E-01
   8.068000E+08   1.397000E+05   1.163934E+09   5.000000E-01
   8.174000E+08   1.354000E+05   1.150356E+09   5.000000E-01
   8.282000E+08   1.311000E+05   1.137011E+09   5.000000E-01
   8.392000E+08   1.270000E+05   1.124595E+09   5.000000E-01
   8.503000E+08   1.229000E+05   1.111249E+09   5.000000E-01
   8.615000E+08   1.190000E+05   1.098484E+09   5.000000E-01
   8.729000E+08   1.154000E+05   1.086532E+09   5.000000E-01
   8.844000E+08   1.119000E+05   1.074463E+09   5.000000E-01
   8.960000E+08   1.091000E+05   1.064599E+09   5.000000E-01
   9.078000E+08   1.066000E+05   1.055780E+09   5.000000E-01
   9.198000E+08   1.052000E+05   1.052066E+09   5.000000E-01
   9.318000E+08   1.039000E+05   1.045568E+09   5.000000E-01
   9.441000E+08   1.036000E+05   1.040114E+09   5.000000E-01
   9.565000E+08   1.031000E+05   1.029321E+09   5.000000E-01
   9.690000E+08   9.930000E+04   1.038605E+09   5.000000E-01
   9.817000E+08   9.705000E+04   1.034079E+09   5.000000E-01
   9.941000E+08   9.042000E+04   1.050906E+09   5.000000E-01
