# VX_G15/datafileVX-G15h+050.txt from Rampp & Janka (2002)
number of variables = 3
number of lines = 400
dens
temp
ye  
   1.167000E+04   4.132000E+14   1.461010E+11   2.652000E-01
   3.500000E+04   4.078000E+14   1.632757E+11   2.792000E-01
   5.833000E+04   4.070000E+14   1.629275E+11   2.804000E-01
   9.272000E+04   4.057000E+14   1.611869E+11   2.788000E-01
   1.302000E+05   4.035000E+14   1.587499E+11   2.783000E-01
   1.545000E+05   4.014000E+14   1.581697E+11   2.785000E-01
   1.703000E+05   3.999000E+14   1.573574E+11   2.783000E-01
   1.806000E+05   3.989000E+14   1.570092E+11   2.783000E-01
   1.872000E+05   3.982000E+14   1.567771E+11   2.782000E-01
   1.925000E+05   3.976000E+14   1.565450E+11   2.782000E-01
   1.980000E+05   3.970000E+14   1.563130E+11   2.781000E-01
   2.036000E+05   3.963000E+14   1.560809E+11   2.781000E-01
   2.094000E+05   3.956000E+14   1.558488E+11   2.780000E-01
   2.153000E+05   3.949000E+14   1.556167E+11   2.780000E-01
   2.214000E+05   3.941000E+14   1.552685E+11   2.779000E-01
   2.277000E+05   3.933000E+14   1.550365E+11   2.779000E-01
   2.342000E+05   3.924000E+14   1.548044E+11   2.778000E-01
   2.408000E+05   3.915000E+14   1.544562E+11   2.778000E-01
   2.476000E+05   3.906000E+14   1.542241E+11   2.777000E-01
   2.547000E+05   3.895000E+14   1.538760E+11   2.776000E-01
   2.619000E+05   3.884000E+14   1.534118E+11   2.776000E-01
   2.693000E+05   3.873000E+14   1.530637E+11   2.775000E-01
   2.770000E+05   3.861000E+14   1.525995E+11   2.774000E-01
   2.848000E+05   3.848000E+14   1.521353E+11   2.773000E-01
   2.929000E+05   3.835000E+14   1.516711E+11   2.772000E-01
   3.012000E+05   3.821000E+14   1.510909E+11   2.771000E-01
   3.098000E+05   3.806000E+14   1.505107E+11   2.770000E-01
   3.186000E+05   3.790000E+14   1.500465E+11   2.768000E-01
   3.276000E+05   3.773000E+14   1.494663E+11   2.767000E-01
   3.369000E+05   3.755000E+14   1.490021E+11   2.766000E-01
   3.465000E+05   3.736000E+14   1.485379E+11   2.764000E-01
   3.563000E+05   3.716000E+14   1.480737E+11   2.763000E-01
   3.664000E+05   3.694000E+14   1.477256E+11   2.762000E-01
   3.768000E+05   3.671000E+14   1.474935E+11   2.760000E-01
   3.875000E+05   3.646000E+14   1.469133E+11   2.759000E-01
   3.985000E+05   3.621000E+14   1.464491E+11   2.757000E-01
   4.098000E+05   3.594000E+14   1.458689E+11   2.756000E-01
   4.214000E+05   3.565000E+14   1.452887E+11   2.754000E-01
   4.334000E+05   3.534000E+14   1.445924E+11   2.752000E-01
   4.457000E+05   3.503000E+14   1.438961E+11   2.750000E-01
   4.583000E+05   3.469000E+14   1.431998E+11   2.747000E-01
   4.713000E+05   3.433000E+14   1.423875E+11   2.745000E-01
   4.847000E+05   3.396000E+14   1.416913E+11   2.742000E-01
   4.984000E+05   3.356000E+14   1.409950E+11   2.740000E-01
   5.126000E+05   3.314000E+14   1.402987E+11   2.737000E-01
   5.271000E+05   3.270000E+14   1.392543E+11   2.733000E-01
   5.421000E+05   3.223000E+14   1.383259E+11   2.730000E-01
   5.575000E+05   3.173000E+14   1.373976E+11   2.726000E-01
   5.733000E+05   3.120000E+14   1.364692E+11   2.723000E-01
   5.896000E+05   3.064000E+14   1.357729E+11   2.718000E-01
   6.063000E+05   3.006000E+14   1.349606E+11   2.714000E-01
   6.235000E+05   2.944000E+14   1.338002E+11   2.709000E-01
   6.412000E+05   2.878000E+14   1.326397E+11   2.703000E-01
   6.594000E+05   2.810000E+14   1.314793E+11   2.697000E-01
   6.781000E+05   2.737000E+14   1.305509E+11   2.690000E-01
   6.973000E+05   2.659000E+14   1.297386E+11   2.683000E-01
   7.171000E+05   2.576000E+14   1.290423E+11   2.675000E-01
   7.375000E+05   2.487000E+14   1.291584E+11   2.666000E-01
   7.584000E+05   2.389000E+14   1.300867E+11   2.658000E-01
   7.799000E+05   2.284000E+14   1.318274E+11   2.649000E-01
   8.021000E+05   2.170000E+14   1.346125E+11   2.640000E-01
   8.248000E+05   2.046000E+14   1.385580E+11   2.631000E-01
   8.482001E+05   1.911000E+14   1.433159E+11   2.623000E-01
   8.722999E+05   1.767000E+14   1.491182E+11   2.619000E-01
   8.970000E+05   1.611000E+14   1.563130E+11   2.621000E-01
   9.225001E+05   1.441000E+14   1.646682E+11   2.637000E-01
   9.487001E+05   1.263000E+14   1.744160E+11   2.671000E-01
   9.755999E+05   1.084000E+14   1.845119E+11   2.728000E-01
   1.003000E+06   9.188000E+13   1.941437E+11   2.795000E-01
   1.032000E+06   7.833000E+13   2.019187E+11   2.845000E-01
   1.061000E+06   6.714000E+13   2.080691E+11   2.892000E-01
   1.091000E+06   5.782000E+13   2.136393E+11   2.933000E-01
   1.122000E+06   5.044000E+13   2.179330E+11   2.952000E-01
   1.154000E+06   4.436000E+13   2.214143E+11   2.958000E-01
   1.187000E+06   3.934000E+13   2.241994E+11   2.951000E-01
   1.220000E+06   3.508000E+13   2.264043E+11   2.939000E-01
   1.255000E+06   3.145000E+13   2.280289E+11   2.922000E-01
   1.291000E+06   2.833000E+13   2.290733E+11   2.901000E-01
   1.327000E+06   2.564000E+13   2.295375E+11   2.876000E-01
   1.365000E+06   2.331000E+13   2.295375E+11   2.846000E-01
   1.404000E+06   2.129000E+13   2.289573E+11   2.810000E-01
   1.443000E+06   1.953000E+13   2.279129E+11   2.770000E-01
   1.484000E+06   1.799000E+13   2.262882E+11   2.723000E-01
   1.527000E+06   1.664000E+13   2.241994E+11   2.670000E-01
   1.570000E+06   1.544000E+13   2.216464E+11   2.611000E-01
   1.614000E+06   1.436000E+13   2.187453E+11   2.548000E-01
   1.660000E+06   1.340000E+13   2.154960E+11   2.482000E-01
   1.707000E+06   1.252000E+13   2.117826E+11   2.414000E-01
   1.756000E+06   1.172000E+13   2.078370E+11   2.344000E-01
   1.805000E+06   1.097000E+13   2.036594E+11   2.274000E-01
   1.857000E+06   1.028000E+13   1.993657E+11   2.204000E-01
   1.909000E+06   9.638000E+12   1.947239E+11   2.136000E-01
   1.964000E+06   9.030000E+12   1.900821E+11   2.070000E-01
   2.019000E+06   8.456000E+12   1.852082E+11   2.006000E-01
   2.077000E+06   7.911000E+12   1.803343E+11   1.944000E-01
   2.136000E+06   7.392000E+12   1.754604E+11   1.887000E-01
   2.196000E+06   6.898000E+12   1.704705E+11   1.831000E-01
   2.259000E+06   6.426000E+12   1.655966E+11   1.780000E-01
   2.323000E+06   5.976000E+12   1.607227E+11   1.732000E-01
   2.389000E+06   5.545000E+12   1.558488E+11   1.688000E-01
   2.456000E+06   5.133000E+12   1.512070E+11   1.648000E-01
   2.526000E+06   4.742000E+12   1.465652E+11   1.610000E-01
   2.598000E+06   4.369000E+12   1.421554E+11   1.578000E-01
   2.671000E+06   4.016000E+12   1.378618E+11   1.549000E-01
   2.747000E+06   3.681000E+12   1.336841E+11   1.525000E-01
   2.825000E+06   3.368000E+12   1.296225E+11   1.501000E-01
   2.905000E+06   3.074000E+12   1.256770E+11   1.482000E-01
   2.988000E+06   2.801000E+12   1.219636E+11   1.465000E-01
   3.073000E+06   2.547000E+12   1.182501E+11   1.451000E-01
   3.160000E+06   2.314000E+12   1.146411E+11   1.438000E-01
   3.249000E+06   2.099000E+12   1.111365E+11   1.426000E-01
   3.341000E+06   1.902000E+12   1.076900E+11   1.415000E-01
   3.436000E+06   1.722000E+12   1.043015E+11   1.403000E-01
   3.534000E+06   1.558000E+12   1.009594E+11   1.393000E-01
   3.634000E+06   1.408000E+12   9.765208E+10   1.381000E-01
   3.737000E+06   1.271000E+12   9.441441E+10   1.370000E-01
   3.843000E+06   1.146000E+12   9.119996E+10   1.359000E-01
   3.952000E+06   1.032000E+12   8.805514E+10   1.347000E-01
   4.065000E+06   9.285000E+11   8.495673E+10   1.338000E-01
   4.180000E+06   8.338000E+11   8.193955E+10   1.328000E-01
   4.298000E+06   7.472000E+11   7.901522E+10   1.320000E-01
   4.420000E+06   6.682000E+11   7.616050E+10   1.313000E-01
   4.546000E+06   5.964000E+11   7.341022E+10   1.306000E-01
   4.675000E+06   5.309000E+11   7.077600E+10   1.302000E-01
   4.808000E+06   4.715000E+11   6.822300E+10   1.301000E-01
   4.944000E+06   4.177000E+11   6.579766E+10   1.300000E-01
   5.084000E+06   3.690000E+11   6.347675E+10   1.304000E-01
   5.228000E+06   3.253000E+11   6.126028E+10   1.309000E-01
   5.377000E+06   2.860000E+11   5.915987E+10   1.317000E-01
   5.529000E+06   2.509000E+11   5.716389E+10   1.328000E-01
   5.686000E+06   2.197000E+11   5.527235E+10   1.341000E-01
   5.848000E+06   1.919000E+11   5.349686E+10   1.358000E-01
   6.014000E+06   1.674000E+11   5.180260E+10   1.379000E-01
   6.184000E+06   1.457000E+11   5.021278E+10   1.402000E-01
   6.360000E+06   1.268000E+11   4.870419E+10   1.429000E-01
   6.540000E+06   1.102000E+11   4.730005E+10   1.457000E-01
   6.726000E+06   9.566000E+10   4.596552E+10   1.490000E-01
   6.917000E+06   8.303000E+10   4.471224E+10   1.525000E-01
   7.113000E+06   7.206000E+10   4.351697E+10   1.564000E-01
   7.315000E+06   6.252000E+10   4.239133E+10   1.603000E-01
   7.522000E+06   5.428000E+10   4.130050E+10   1.648000E-01
   7.736000E+06   4.714000E+10   4.026770E+10   1.693000E-01
   7.955000E+06   4.100000E+10   3.924650E+10   1.740000E-01
   8.181000E+06   3.572000E+10   3.826012E+10   1.787000E-01
   8.413000E+06   3.118000E+10   3.722732E+10   1.833000E-01
   8.652000E+06   2.730000E+10   3.618291E+10   1.879000E-01
   8.897000E+06   2.399000E+10   3.508048E+10   1.923000E-01
   9.150000E+06   2.112000E+10   3.401286E+10   1.971000E-01
   9.409000E+06   1.864000E+10   3.285241E+10   2.028000E-01
   9.676000E+06   1.658000E+10   3.157591E+10   2.096000E-01
   9.951000E+06   1.489000E+10   2.999770E+10   2.190000E-01
   1.023000E+07   1.348000E+10   2.814097E+10   2.333000E-01
   1.052000E+07   1.221000E+10   2.611018E+10   2.544000E-01
   1.082000E+07   1.104000E+10   2.383569E+10   2.818000E-01
   1.113000E+07   9.444000E+09   2.268685E+10   3.133000E-01
   1.145000E+07   8.228000E+09   2.145677E+10   3.449000E-01
   1.177000E+07   7.144000E+09   2.035434E+10   3.780000E-01
   1.210000E+07   6.084000E+09   1.976251E+10   4.058000E-01
   1.245000E+07   5.324000E+09   1.903142E+10   4.332000E-01
   1.280000E+07   4.556000E+09   1.820750E+10   4.543000E-01
   1.316000E+07   4.087000E+09   1.770851E+10   4.718000E-01
   1.354000E+07   3.360000E+09   1.682656E+10   4.827000E-01
   1.392000E+07   2.709000E+09   1.585178E+10   4.910000E-01
   1.432000E+07   1.329000E+09   1.373976E+10   4.929000E-01
   1.472000E+07   4.337000E+08   1.082470E+10   4.930000E-01
   1.514000E+07   3.094000E+08   8.631446E+09   4.930000E-01
   1.557000E+07   2.907000E+08   8.234571E+09   4.932000E-01
   1.601000E+07   2.694000E+08   8.019887E+09   4.932000E-01
   1.647000E+07   2.613000E+08   7.967667E+09   4.934000E-01
   1.693000E+07   2.417000E+08   7.853943E+09   4.934000E-01
   1.741000E+07   2.340000E+08   7.777353E+09   4.936000E-01
   1.791000E+07   2.207000E+08   7.638099E+09   4.937000E-01
   1.842000E+07   2.105000E+08   7.571952E+09   4.939000E-01
   1.894000E+07   1.960000E+08   7.451265E+09   4.940000E-01
   1.948000E+07   1.915000E+08   7.409489E+09   4.942000E-01
   2.003000E+07   1.797000E+08   7.215694E+09   4.945000E-01
   2.060000E+07   1.733000E+08   7.097327E+09   4.947000E-01
   2.118000E+07   1.652000E+08   6.984763E+09   4.951000E-01
   2.178000E+07   1.551000E+08   6.904693E+09   4.954000E-01
   2.240000E+07   1.502000E+08   6.850151E+09   4.956000E-01
   2.304000E+07   1.419000E+08   6.788647E+09   4.958000E-01
   2.369000E+07   1.388000E+08   6.759635E+09   4.958000E-01
   2.436000E+07   1.328000E+08   6.695811E+09   4.959000E-01
   2.505000E+07   1.301000E+08   6.657516E+09   4.959000E-01
   2.576000E+07   1.234000E+08   6.560038E+09   4.959000E-01
   2.650000E+07   1.188000E+08   6.518262E+09   4.958000E-01
   2.725000E+07   1.111000E+08   6.435870E+09   4.955000E-01
   2.802000E+07   1.053000E+08   6.327948E+09   4.955000E-01
   2.882000E+07   1.010000E+08   6.191014E+09   4.955000E-01
   2.963000E+07   9.923000E+07   6.109783E+09   4.955000E-01
   3.048000E+07   9.674000E+07   6.006502E+09   4.955000E-01
   3.134000E+07   9.600000E+07   5.975170E+09   4.958000E-01
   3.223000E+07   9.235000E+07   5.943838E+09   4.962000E-01
   3.314000E+07   8.657000E+07   5.907864E+09   4.968000E-01
   3.408000E+07   7.667000E+07   5.902062E+09   4.973000E-01
   3.505000E+07   6.649000E+07   5.885815E+09   4.974000E-01
   3.604000E+07   6.399000E+07   5.812706E+09   4.974000E-01
   3.707000E+07   6.363000E+07   5.750042E+09   4.974000E-01
   3.812000E+07   6.930000E+07   5.639799E+09   4.972000E-01
   3.919000E+07   7.238000E+07   5.536519E+09   4.971000E-01
   4.028000E+07   7.103000E+07   5.439041E+09   4.971000E-01
   4.138000E+07   6.020000E+07   5.599183E+09   4.976000E-01
   4.249000E+07   5.680000E+07   6.344194E+09   4.979000E-01
   4.362000E+07   5.698000E+07   6.648232E+09   4.979000E-01
   4.476000E+07   5.841000E+07   6.655195E+09   4.979000E-01
   4.592000E+07   5.548000E+07   6.526385E+09   4.979000E-01
   4.709000E+07   5.345000E+07   6.432389E+09   4.979000E-01
   4.828000E+07   5.260000E+07   6.391773E+09   4.979000E-01
   4.948000E+07   4.968000E+07   6.298936E+09   4.979000E-01
   5.069000E+07   4.701000E+07   6.225827E+09   4.979000E-01
   5.192000E+07   4.610000E+07   6.160842E+09   4.979000E-01
   5.317000E+07   4.411000E+07   6.062204E+09   4.979000E-01
   5.443000E+07   4.334000E+07   6.040155E+09   4.979000E-01
   5.571000E+07   4.254000E+07   5.992577E+09   4.979000E-01
   5.700000E+07   4.080000E+07   5.920629E+09   4.979000E-01
   5.831000E+07   3.938000E+07   5.857965E+09   4.979000E-01
   5.963000E+07   3.856000E+07   5.819670E+09   4.979000E-01
   6.098000E+07   3.765000E+07   5.779054E+09   4.979000E-01
   6.233000E+07   3.681000E+07   5.772090E+09   4.980000E-01
   6.371000E+07   3.522000E+07   5.693180E+09   4.980000E-01
   6.510000E+07   3.452000E+07   5.609627E+09   4.980000E-01
   6.651000E+07   3.249000E+07   5.488940E+09   4.980000E-01
   6.794000E+07   3.086000E+07   5.520272E+09   4.980000E-01
   6.939000E+07   3.021000E+07   5.398425E+09   4.980000E-01
   7.085000E+07   2.887000E+07   5.432078E+09   4.980000E-01
   7.233000E+07   2.818000E+07   5.349686E+09   4.980000E-01
   7.383000E+07   2.717000E+07   5.318354E+09   4.980000E-01
   7.535000E+07   2.638000E+07   5.224357E+09   4.980000E-01
   7.689000E+07   2.590000E+07   5.199988E+09   4.980000E-01
   7.845000E+07   2.547000E+07   5.139644E+09   4.980000E-01
   8.003000E+07   2.484000E+07   5.067696E+09   4.980000E-01
   8.162000E+07   2.439000E+07   5.015476E+09   4.980000E-01
   8.324000E+07   2.381000E+07   4.948170E+09   4.980000E-01
   8.488000E+07   2.331000E+07   4.897110E+09   4.980000E-01
   8.654000E+07   2.229000E+07   4.834445E+09   4.980000E-01
   8.821000E+07   2.172000E+07   4.805434E+09   4.980000E-01
   8.991000E+07   2.081000E+07   4.723042E+09   4.980000E-01
   9.163000E+07   2.042000E+07   4.683587E+09   4.980000E-01
   9.338000E+07   1.956000E+07   4.620922E+09   4.980000E-01
   9.514000E+07   1.908000E+07   4.597713E+09   4.980000E-01
   9.692000E+07   1.806000E+07   4.554776E+09   4.980000E-01
   9.873000E+07   1.766000E+07   4.536209E+09   4.980000E-01
   1.006000E+08   1.697000E+07   4.489791E+09   4.980000E-01
   1.024000E+08   1.671000E+07   4.474705E+09   4.980000E-01
   1.043000E+08   1.607000E+07   4.414362E+09   4.980000E-01
   1.062000E+08   1.588000E+07   4.393473E+09   4.980000E-01
   1.081000E+08   2.169000E+07   4.855333E+09   4.980000E-01
   1.101000E+08   2.095000E+07   4.181111E+09   4.980000E-01
   1.120000E+08   1.778000E+07   4.110323E+09   4.980000E-01
   1.140000E+08   1.514000E+07   3.708806E+09   4.980000E-01
   1.161000E+08   1.432000E+07   3.636858E+09   4.980000E-01
   1.181000E+08   1.345000E+07   3.570713E+09   4.980000E-01
   1.202000E+08   1.324000E+07   3.549824E+09   4.980000E-01
   1.223000E+08   1.260000E+07   3.487160E+09   4.980000E-01
   1.244000E+08   1.237000E+07   3.446544E+09   4.980000E-01
   1.266000E+08   1.197000E+07   3.352547E+09   4.980000E-01
   1.287000E+08   1.181000E+07   3.304969E+09   4.980000E-01
   1.309000E+08   1.106000E+07   3.270155E+09   4.980000E-01
   1.332000E+08   1.071000E+07   3.259711E+09   4.982000E-01
   1.354000E+08   1.013000E+07   3.199368E+09   4.987000E-01
   1.377000E+08   9.212000E+06   3.328178E+09   4.995000E-01
   1.400000E+08   6.634000E+06   3.672832E+09   5.000000E-01
   1.424000E+08   5.912000E+06   3.741299E+09   5.000000E-01
   1.448000E+08   5.308000E+06   3.749422E+09   5.000000E-01
   1.472000E+08   4.632000E+06   3.807445E+09   5.000000E-01
   1.496000E+08   4.521000E+06   3.767989E+09   5.000000E-01
   1.521000E+08   4.336000E+06   3.757545E+09   5.000000E-01
   1.546000E+08   4.320000E+06   3.719250E+09   5.000000E-01
   1.571000E+08   4.224000E+06   3.693720E+09   5.000000E-01
   1.596000E+08   4.070000E+06   3.676314E+09   5.000000E-01
   1.622000E+08   3.978000E+06   3.642660E+09   5.000000E-01
   1.649000E+08   3.919000E+06   3.617130E+09   5.000000E-01
   1.675000E+08   3.788000E+06   3.591601E+09   5.000000E-01
   1.702000E+08   3.718000E+06   3.581157E+09   5.000000E-01
   1.729000E+08   3.713000E+06   3.534738E+09   5.000000E-01
   1.757000E+08   3.485000E+06   3.533578E+09   5.000000E-01
   1.785000E+08   3.417000E+06   3.461630E+09   5.000000E-01
   1.813000E+08   3.299000E+06   3.437260E+09   5.000000E-01
   1.842000E+08   3.224000E+06   3.387361E+09   5.000000E-01
   1.871000E+08   3.180000E+06   3.366473E+09   5.000000E-01
   1.900000E+08   3.094000E+06   3.324697E+09   5.000000E-01
   1.930000E+08   3.012000E+06   3.309610E+09   5.000000E-01
   1.960000E+08   2.937000E+06   3.267834E+09   5.000000E-01
   1.990000E+08   2.875000E+06   3.251588E+09   5.000000E-01
   2.021000E+08   2.789000E+06   3.216774E+09   5.000000E-01
   2.052000E+08   2.720000E+06   3.193565E+09   5.000000E-01
   2.084000E+08   2.634000E+06   3.162233E+09   5.000000E-01
   2.116000E+08   2.584000E+06   3.143666E+09   5.000000E-01
   2.148000E+08   2.508000E+06   3.110013E+09   5.000000E-01
   2.181000E+08   2.448000E+06   3.082162E+09   5.000000E-01
   2.215000E+08   2.387000E+06   3.054311E+09   5.000000E-01
   2.248000E+08   2.328000E+06   3.029942E+09   5.000000E-01
   2.282000E+08   2.275000E+06   3.003251E+09   5.000000E-01
   2.317000E+08   2.240000E+06   2.985844E+09   5.000000E-01
   2.352000E+08   2.224000E+06   2.976561E+09   5.000000E-01
   2.387000E+08   2.186000E+06   2.956833E+09   5.000000E-01
   2.423000E+08   2.129000E+06   2.931303E+09   5.000000E-01
   2.459000E+08   2.034000E+06   2.890687E+09   5.000000E-01
   2.496000E+08   1.964000E+06   2.860515E+09   5.000000E-01
   2.533000E+08   1.849000E+06   2.808295E+09   5.000000E-01
   2.571000E+08   1.763000E+06   2.763037E+09   5.000000E-01
   2.609000E+08   1.692000E+06   2.723582E+09   5.000000E-01
   2.647000E+08   1.638000E+06   2.694571E+09   5.000000E-01
   2.686000E+08   1.581000E+06   2.663238E+09   5.000000E-01
   2.726000E+08   1.540000E+06   2.638869E+09   5.000000E-01
   2.766000E+08   1.498000E+06   2.614500E+09   5.000000E-01
   2.806000E+08   1.454000E+06   2.587809E+09   5.000000E-01
   2.848000E+08   1.422000E+06   2.568081E+09   5.000000E-01
   2.889000E+08   1.384000E+06   2.544872E+09   5.000000E-01
   2.931000E+08   1.344000E+06   2.523984E+09   5.000000E-01
   2.974000E+08   1.301000E+06   2.497294E+09   5.000000E-01
   3.017000E+08   1.263000E+06   2.472924E+09   5.000000E-01
   3.060000E+08   1.225000E+06   2.447394E+09   5.000000E-01
   3.105000E+08   1.188000E+06   2.421864E+09   5.000000E-01
   3.150000E+08   1.151000E+06   2.396334E+09   5.000000E-01
   3.195000E+08   1.118000E+06   2.374286E+09   5.000000E-01
   3.241000E+08   1.086000E+06   2.351077E+09   5.000000E-01
   3.287000E+08   1.056000E+06   2.327868E+09   5.000000E-01
   3.334000E+08   1.026000E+06   2.305819E+09   5.000000E-01
   3.382000E+08   9.980000E+05   2.283770E+09   5.000000E-01
   3.430000E+08   9.702000E+05   2.262882E+09   5.000000E-01
   3.479000E+08   9.427000E+05   2.243155E+09   5.000000E-01
   3.528000E+08   9.129000E+05   2.219946E+09   5.000000E-01
   3.578000E+08   8.828000E+05   2.195576E+09   5.000000E-01
   3.629000E+08   8.572000E+05   2.173528E+09   5.000000E-01
   3.680000E+08   8.327000E+05   2.152639E+09   5.000000E-01
   3.732000E+08   8.078000E+05   2.130591E+09   5.000000E-01
   3.785000E+08   7.845000E+05   2.109703E+09   5.000000E-01
   3.838000E+08   7.625000E+05   2.088815E+09   5.000000E-01
   3.892000E+08   7.403000E+05   2.067926E+09   5.000000E-01
   3.947000E+08   7.194000E+05   2.048199E+09   5.000000E-01
   4.002000E+08   6.990000E+05   2.028471E+09   5.000000E-01
   4.058000E+08   6.791000E+05   2.009904E+09   5.000000E-01
   4.115000E+08   6.599000E+05   1.991336E+09   5.000000E-01
   4.172000E+08   6.406000E+05   1.971609E+09   5.000000E-01
   4.230000E+08   6.210000E+05   1.950721E+09   5.000000E-01
   4.289000E+08   6.016000E+05   1.929832E+09   5.000000E-01
   4.349000E+08   5.836000E+05   1.910105E+09   5.000000E-01
   4.409000E+08   5.659000E+05   1.890377E+09   5.000000E-01
   4.470000E+08   5.486000E+05   1.870649E+09   5.000000E-01
   4.532000E+08   5.326000E+05   1.852082E+09   5.000000E-01
   4.594000E+08   5.177000E+05   1.833515E+09   5.000000E-01
   4.658000E+08   5.035000E+05   1.816108E+09   5.000000E-01
   4.722000E+08   4.893000E+05   1.798701E+09   5.000000E-01
   4.787000E+08   4.756000E+05   1.781295E+09   5.000000E-01
   4.853000E+08   4.613000E+05   1.763888E+09   5.000000E-01
   4.919000E+08   4.467000E+05   1.744160E+09   5.000000E-01
   4.987000E+08   4.328000E+05   1.725593E+09   5.000000E-01
   5.055000E+08   4.197000E+05   1.707026E+09   5.000000E-01
   5.124000E+08   4.074000E+05   1.689619E+09   5.000000E-01
   5.194000E+08   3.954000E+05   1.672212E+09   5.000000E-01
   5.265000E+08   3.837000E+05   1.654805E+09   5.000000E-01
   5.337000E+08   3.725000E+05   1.638559E+09   5.000000E-01
   5.410000E+08   3.616000E+05   1.621152E+09   5.000000E-01
   5.483000E+08   3.512000E+05   1.604906E+09   5.000000E-01
   5.558000E+08   3.410000E+05   1.588659E+09   5.000000E-01
   5.633000E+08   3.300000E+05   1.570092E+09   5.000000E-01
   5.709000E+08   3.193000E+05   1.552685E+09   5.000000E-01
   5.787000E+08   3.091000E+05   1.535279E+09   5.000000E-01
   5.865000E+08   3.008000E+05   1.521353E+09   5.000000E-01
   5.944000E+08   2.909000E+05   1.502786E+09   5.000000E-01
   6.025000E+08   2.847000E+05   1.492342E+09   5.000000E-01
   6.106000E+08   2.779000E+05   1.465652E+09   5.000000E-01
   6.188000E+08   2.618000E+05   1.459849E+09   5.000000E-01
   6.271000E+08   2.540000E+05   1.437801E+09   5.000000E-01
   6.356000E+08   2.548000E+05   1.425036E+09   5.000000E-01
   6.441000E+08   2.462000E+05   1.396024E+09   5.000000E-01
   6.528000E+08   2.253000E+05   1.396024E+09   5.000000E-01
   6.615000E+08   2.264000E+05   1.362371E+09   5.000000E-01
   6.704000E+08   2.198000E+05   1.361211E+09   5.000000E-01
   6.794000E+08   2.124000E+05   1.342644E+09   5.000000E-01
   6.884000E+08   2.058000E+05   1.328718E+09   5.000000E-01
   6.976000E+08   1.988000E+05   1.313632E+09   5.000000E-01
   7.070000E+08   1.928000E+05   1.299707E+09   5.000000E-01
   7.164000E+08   1.868000E+05   1.286942E+09   5.000000E-01
   7.259000E+08   1.811000E+05   1.273016E+09   5.000000E-01
   7.356000E+08   1.752000E+05   1.259091E+09   5.000000E-01
   7.454000E+08   1.695000E+05   1.244005E+09   5.000000E-01
   7.553000E+08   1.641000E+05   1.230080E+09   5.000000E-01
   7.653000E+08   1.589000E+05   1.217315E+09   5.000000E-01
   7.755000E+08   1.540000E+05   1.203389E+09   5.000000E-01
   7.858000E+08   1.492000E+05   1.189464E+09   5.000000E-01
   7.962000E+08   1.445000E+05   1.176699E+09   5.000000E-01
   8.068000E+08   1.399000E+05   1.163934E+09   5.000000E-01
   8.174000E+08   1.357000E+05   1.151053E+09   5.000000E-01
   8.282000E+08   1.316000E+05   1.138288E+09   5.000000E-01
   8.392000E+08   1.276000E+05   1.125987E+09   5.000000E-01
   8.503000E+08   1.234000E+05   1.112642E+09   5.000000E-01
   8.615000E+08   1.193000E+05   1.099297E+09   5.000000E-01
   8.729000E+08   1.155000E+05   1.086416E+09   5.000000E-01
   8.844000E+08   1.118000E+05   1.073883E+09   5.000000E-01
   8.960000E+08   1.084000E+05   1.061698E+09   5.000000E-01
   9.078000E+08   1.053000E+05   1.050790E+09   5.000000E-01
   9.198000E+08   1.028000E+05   1.043131E+09   5.000000E-01
   9.318000E+08   1.012000E+05   1.035820E+09   5.000000E-01
   9.441000E+08   1.005000E+05   1.029437E+09   5.000000E-01
   9.565000E+08   1.003000E+05   1.022707E+09   5.000000E-01
   9.690000E+08   9.836000E+04   1.027813E+09   5.000000E-01
   9.817000E+08   9.274000E+04   1.024331E+09   5.000000E-01
   9.941000E+08   8.987000E+04   1.024215E+09   5.000000E-01
