   52
010015020030040050060070080090100150200250300350400450500600700800900100
    n
    p
  he4
  c12
  n15
  o16
  f19
 ne20
 na23
 mg24
 al27
 si28
  p31
  s32
 cl35
 ar36
  k39
 ca40
 sc43
 ti44
  v47
 cr48
 mn51
 fe52
 fe53
 fe54
 fe55
 fe56
 fe57
 fe58
 fe59
 fe60
 co54
 co55
 co56
 co57
 co58
 co59
 co60
 co61
 co62
 ni56
 ni57
 ni58
 ni59
 ni60
 ni61
 ni62
 ni63
 ni64
 cu59
 zn60
    n       1.000   0   1   0.5     8.07131728
 1.00000E+00 1.00000E+00 1.00000E+00 1.00000E+00 1.00000E+00 1.00000E+00 1.00000E+00 1.00000E+00
 1.00000E+00 1.00000E+00 1.00000E+00 1.00000E+00 1.00000E+00 1.00000E+00 1.00000E+00 1.00000E+00
 1.00000E+00 1.00000E+00 1.00000E+00 1.00000E+00 1.00000E+00 1.00000E+00 1.00000E+00 1.00000E+00
    p       1.000   1   0   0.5     7.28897064
 1.00000E+00 1.00000E+00 1.00000E+00 1.00000E+00 1.00000E+00 1.00000E+00 1.00000E+00 1.00000E+00
 1.00000E+00 1.00000E+00 1.00000E+00 1.00000E+00 1.00000E+00 1.00000E+00 1.00000E+00 1.00000E+00
 1.00000E+00 1.00000E+00 1.00000E+00 1.00000E+00 1.00000E+00 1.00000E+00 1.00000E+00 1.00000E+00
  he4       4.000   2   2   0.0     2.42491563
 1.00000E+00 1.00000E+00 1.00000E+00 1.00000E+00 1.00000E+00 1.00000E+00 1.00000E+00 1.00000E+00
 1.00000E+00 1.00000E+00 1.00000E+00 1.00000E+00 1.00000E+00 1.00000E+00 1.00000E+00 1.00000E+00
 1.00000E+00 1.00000E+00 1.00000E+00 1.00000E+00 1.00000E+00 1.00000E+00 1.00000E+00 1.00000E+00
  c12      12.000   6   6   0.0     0.00000000
 1.00000E+00 1.00000E+00 1.00000E+00 1.00000E+00 1.00000E+00 1.00000E+00 1.00000E+00 1.00000E+00
 1.00000E+00 1.00000E+00 1.00000E+00 1.00000E+00 1.00000E+00 1.00000E+00 1.00000E+00 1.00000E+00
 1.00000E+00 1.00000E+00 1.00000E+00 1.00000E+00 1.00000E+00 1.00000E+00 1.00000E+00 1.00000E+00
  n15      15.000   7   8   0.5     0.10143866
 1.00000E+00 1.00000E+00 1.00000E+00 1.00000E+00 1.00000E+00 1.00000E+00 1.00000E+00 1.00000E+00
 1.00000E+00 1.00000E+00 1.00000E+00 1.00000E+00 1.00000E+00 1.00000E+00 1.00000E+00 1.00000E+00
 1.00000E+00 1.00000E+00 1.00000E+00 1.00000E+00 1.00000E+00 1.00000E+00 1.00000E+00 1.00000E+00
  o16      16.000   8   8   0.0    -4.73700141
 1.00000E+00 1.00000E+00 1.00000E+00 1.00000E+00 1.00000E+00 1.00000E+00 1.00000E+00 1.00000E+00
 1.00000E+00 1.00000E+00 1.00000E+00 1.00000E+00 1.00000E+00 1.00000E+00 1.00000E+00 1.00000E+00
 1.00000E+00 1.00000E+00 1.00000E+00 1.00000E+00 1.00000E+00 1.00000E+00 1.00000E+00 1.00000E+00
  f19      19.000   9  10   0.5    -1.48744435
 1.00000E+00 1.00000E+00 1.00000E+00 1.02000E+00 1.05000E+00 1.11000E+00 1.20000E+00 1.29000E+00
 1.39000E+00 1.50000E+00 1.61000E+00 2.12000E+00 2.53000E+00 2.85000E+00 3.12000E+00 3.35000E+00
 3.57000E+00 3.77000E+00 3.96000E+00 4.35000E+00 4.72000E+00 5.10000E+00 5.46000E+00 5.83000E+00
 ne20      20.000  10  10   0.0    -7.04193061
 1.00000E+00 1.00000E+00 1.00000E+00 1.00000E+00 1.00000E+00 1.00000E+00 1.00000E+00 1.00000E+00
 1.00000E+00 1.00000E+00 1.00000E+00 1.00000E+00 1.00000E+00 1.00000E+00 1.01000E+00 1.02000E+00
 1.04000E+00 1.07000E+00 1.11000E+00 1.22000E+00 1.34000E+00 1.49000E+00 1.66000E+00 1.85000E+00
 na23      23.000  11  12   1.5    -9.52985256
 1.00000E+00 1.00000E+00 1.00000E+00 1.00000E+00 1.00000E+00 1.00000E+00 1.00000E+00 1.00000E+00
 1.00000E+00 1.01000E+00 1.01000E+00 1.05000E+00 1.12000E+00 1.19000E+00 1.27000E+00 1.35000E+00
 1.43000E+00 1.50000E+00 1.57000E+00 1.70000E+00 1.85000E+00 2.00000E+00 2.17000E+00 2.36000E+00
 mg24      24.000  12  12   0.0   -13.93356900
 1.00000E+00 1.00000E+00 1.00000E+00 1.00000E+00 1.00000E+00 1.00000E+00 1.00000E+00 1.00000E+00
 1.00000E+00 1.00000E+00 1.00000E+00 1.00000E+00 1.00000E+00 1.01000E+00 1.03000E+00 1.05000E+00
 1.09000E+00 1.15000E+00 1.21000E+00 1.36000E+00 1.53000E+00 1.73000E+00 1.94000E+00 2.17000E+00
 al27      27.000  13  14   2.5   -17.19670400
 1.00000E+00 1.00000E+00 1.00000E+00 1.00000E+00 1.00000E+00 1.00000E+00 1.00000E+00 1.00000E+00
 1.00000E+00 1.00000E+00 1.00000E+00 1.00000E+00 1.00000E+00 1.01000E+00 1.03000E+00 1.04000E+00
 1.07000E+00 1.09000E+00 1.12000E+00 1.19000E+00 1.27000E+00 1.37000E+00 1.49000E+00 1.63000E+00
 si28      28.000  14  14   0.0   -21.49279474
 1.00000E+00 1.00000E+00 1.00000E+00 1.00000E+00 1.00000E+00 1.00000E+00 1.00000E+00 1.00000E+00
 1.00000E+00 1.00000E+00 1.00000E+00 1.00000E+00 1.00000E+00 1.00000E+00 1.01000E+00 1.01000E+00
 1.03000E+00 1.05000E+00 1.08000E+00 1.16000E+00 1.27000E+00 1.39000E+00 1.54000E+00 1.70000E+00
  p31      31.000  15  16   0.5   -24.44054128
 1.00000E+00 1.00000E+00 1.00000E+00 1.00000E+00 1.00000E+00 1.00000E+00 1.00000E+00 1.00000E+00
 1.00000E+00 1.00000E+00 1.00000E+00 1.00000E+00 1.00000E+00 1.01000E+00 1.02000E+00 1.03000E+00
 1.06000E+00 1.09000E+00 1.13000E+00 1.23000E+00 1.38000E+00 1.57000E+00 1.83000E+00 2.19000E+00
  s32      32.000  16  16   0.0   -26.01553374
 1.00000E+00 1.00000E+00 1.00000E+00 1.00000E+00 1.00000E+00 1.00000E+00 1.00000E+00 1.00000E+00
 1.00000E+00 1.00000E+00 1.00000E+00 1.00000E+00 1.00000E+00 1.00000E+00 1.00000E+00 1.00000E+00
 1.01000E+00 1.02000E+00 1.03000E+00 1.07000E+00 1.14000E+00 1.24000E+00 1.39000E+00 1.59000E+00
 cl35      35.000  17  18   1.5   -29.01351500
 1.00000E+00 1.00000E+00 1.00000E+00 1.00000E+00 1.00000E+00 1.00000E+00 1.00000E+00 1.00000E+00
 1.00000E+00 1.00000E+00 1.00000E+00 1.00000E+00 1.00000E+00 1.00000E+00 1.01000E+00 1.01000E+00
 1.03000E+00 1.04000E+00 1.06000E+00 1.13000E+00 1.23000E+00 1.38000E+00 1.60000E+00 1.91000E+00
 ar36      36.000  18  18   0.0   -30.23153800
 1.00000E+00 1.00000E+00 1.00000E+00 1.00000E+00 1.00000E+00 1.00000E+00 1.00000E+00 1.00000E+00
 1.00000E+00 1.00000E+00 1.00000E+00 1.00000E+00 1.00000E+00 1.00000E+00 1.00000E+00 1.01000E+00
 1.02000E+00 1.03000E+00 1.05000E+00 1.12000E+00 1.22000E+00 1.37000E+00 1.57000E+00 1.86000E+00
  k39      39.000  19  20   1.5   -33.80719052
 1.00000E+00 1.00000E+00 1.00000E+00 1.00000E+00 1.00000E+00 1.00000E+00 1.00000E+00 1.00000E+00
 1.00000E+00 1.00000E+00 1.00000E+00 1.00000E+00 1.00000E+00 1.00000E+00 1.00000E+00 1.00000E+00
 1.00000E+00 1.00000E+00 1.01000E+00 1.03000E+00 1.07000E+00 1.15000E+00 1.30000E+00 1.55000E+00
 ca40      40.000  20  20   0.0   -34.84638700
 1.00000E+00 1.00000E+00 1.00000E+00 1.00000E+00 1.00000E+00 1.00000E+00 1.00000E+00 1.00000E+00
 1.00000E+00 1.00000E+00 1.00000E+00 1.00000E+00 1.00000E+00 1.00000E+00 1.00000E+00 1.00000E+00
 1.00000E+00 1.00000E+00 1.00000E+00 1.01000E+00 1.04000E+00 1.09000E+00 1.20000E+00 1.38000E+00
 sc43      43.000  21  22   3.5   -36.18813700
 1.00000E+00 1.00000E+00 1.00000E+00 1.00000E+00 1.01000E+00 1.01000E+00 1.03000E+00 1.04000E+00
 1.06000E+00 1.07000E+00 1.09000E+00 1.17000E+00 1.25000E+00 1.34000E+00 1.45000E+00 1.57000E+00
 1.70000E+00 1.85000E+00 2.02000E+00 2.43000E+00 2.93000E+00 3.56000E+00 4.36000E+00 5.40000E+00
 ti44      44.000  22  22   0.0   -37.54857100
 1.00000E+00 1.00000E+00 1.00000E+00 1.00000E+00 1.00000E+00 1.00000E+00 1.00000E+00 1.00000E+00
 1.00000E+00 1.00000E+00 1.00000E+00 1.00000E+00 1.01000E+00 1.03000E+00 1.08000E+00 1.14000E+00
 1.23000E+00 1.35000E+00 1.49000E+00 1.85000E+00 2.35000E+00 3.01000E+00 3.86000E+00 4.94000E+00
  v47      47.000  23  24   1.5   -42.00561300
 1.00000E+00 1.00000E+00 1.01000E+00 1.06000E+00 1.15000E+00 1.27000E+00 1.40000E+00 1.54000E+00
 1.69000E+00 1.83000E+00 1.96000E+00 2.55000E+00 3.02000E+00 3.41000E+00 3.76000E+00 4.09000E+00
 4.42000E+00 4.75000E+00 5.11000E+00 5.92000E+00 6.95000E+00 8.31000E+00 1.02000E+01 1.29000E+01
 cr48      48.000  24  24   0.0   -42.82162000
 1.00000E+00 1.00000E+00 1.00000E+00 1.00000E+00 1.00000E+00 1.00000E+00 1.00000E+00 1.00000E+00
 1.00000E+00 1.00000E+00 1.00000E+00 1.01000E+00 1.06000E+00 1.15000E+00 1.28000E+00 1.43000E+00
 1.61000E+00 1.80000E+00 2.00000E+00 2.46000E+00 3.00000E+00 3.63000E+00 4.44000E+00 5.54000E+00
 mn51      51.000  25  26   2.5   -48.24370700
 1.00000E+00 1.00000E+00 1.00000E+00 1.00000E+00 1.00000E+00 1.01000E+00 1.01000E+00 1.03000E+00
 1.04000E+00 1.06000E+00 1.09000E+00 1.21000E+00 1.34000E+00 1.45000E+00 1.56000E+00 1.67000E+00
 1.77000E+00 1.89000E+00 2.02000E+00 2.31000E+00 2.71000E+00 3.25000E+00 4.02000E+00 5.15000E+00
 fe52      52.000  26  26   0.0   -48.33299600
 1.00000E+00 1.00000E+00 1.00000E+00 1.00000E+00 1.00000E+00 1.00000E+00 1.00000E+00 1.00000E+00
 1.00000E+00 1.00000E+00 1.00000E+00 1.01000E+00 1.04000E+00 1.10000E+00 1.19000E+00 1.30000E+00
 1.44000E+00 1.58000E+00 1.74000E+00 2.10000E+00 2.51000E+00 3.00000E+00 3.65000E+00 4.57000E+00
 fe53      53.000  26  27   3.5   -50.94670500
 1.00000E+00 1.00000E+00 1.00000E+00 1.00000E+00 1.00000E+00 1.00000E+00 1.00000E+00 1.00000E+00
 1.00000E+00 1.00000E+00 1.00000E+00 1.00000E+00 1.01000E+00 1.03000E+00 1.05000E+00 1.09000E+00
 1.14000E+00 1.20000E+00 1.27000E+00 1.46000E+00 1.74000E+00 2.13000E+00 2.72000E+00 3.58000E+00
 fe54      54.000  26  28   0.0   -56.25383800
 1.00000E+00 1.00000E+00 1.00000E+00 1.00000E+00 1.00000E+00 1.00000E+00 1.00000E+00 1.00000E+00
 1.00000E+00 1.00000E+00 1.00000E+00 1.00000E+00 1.00000E+00 1.01000E+00 1.02000E+00 1.05000E+00
 1.10000E+00 1.16000E+00 1.26000E+00 1.55000E+00 2.02000E+00 2.75000E+00 3.85000E+00 5.54000E+00
 fe55      55.000  26  29   1.5   -57.48061100
 1.00000E+00 1.00000E+00 1.00000E+00 1.00000E+00 1.00000E+00 1.00000E+00 1.00000E+00 1.00000E+00
 1.00000E+00 1.00000E+00 1.00000E+00 1.02000E+00 1.05000E+00 1.10000E+00 1.17000E+00 1.25000E+00
 1.35000E+00 1.48000E+00 1.62000E+00 2.01000E+00 2.54000E+00 3.29000E+00 4.39000E+00 6.02000E+00
 fe56      56.000  26  30   0.0   -60.60639500
 1.00000E+00 1.00000E+00 1.00000E+00 1.00000E+00 1.00000E+00 1.00000E+00 1.00000E+00 1.00000E+00
 1.00000E+00 1.00000E+00 1.00000E+00 1.01000E+00 1.04000E+00 1.10000E+00 1.19000E+00 1.31000E+00
 1.46000E+00 1.63000E+00 1.83000E+00 2.34000E+00 3.08000E+00 4.17000E+00 5.83000E+00 8.41000E+00
 fe57      57.000  26  31   0.5   -60.18115400
 1.38000E+00 1.66000E+00 1.87000E+00 2.16000E+00 2.37000E+00 2.56000E+00 2.73000E+00 2.89000E+00
 3.05000E+00 3.20000E+00 3.34000E+00 3.96000E+00 4.50000E+00 5.00000E+00 5.48000E+00 5.96000E+00
 6.46000E+00 6.99000E+00 7.56000E+00 8.90000E+00 1.06900E+01 1.32700E+01 1.71900E+01 2.33900E+01
 fe58      58.000  26  32   0.0   -62.15444000
 1.00000E+00 1.00000E+00 1.00000E+00 1.00000E+00 1.00000E+00 1.00000E+00 1.00000E+00 1.00000E+00
 1.00000E+00 1.00000E+00 1.00000E+00 1.01000E+00 1.05000E+00 1.12000E+00 1.23000E+00 1.38000E+00
 1.56000E+00 1.79000E+00 2.05000E+00 2.75000E+00 3.73000E+00 5.17000E+00 7.37000E+00 1.09500E+01
 fe59      59.000  26  33   1.5   -60.66413600
 1.00000E+00 1.00000E+00 1.00000E+00 1.00000E+00 1.00000E+00 1.00000E+00 1.00000E+00 1.01000E+00
 1.01000E+00 1.02000E+00 1.03000E+00 1.12000E+00 1.27000E+00 1.46000E+00 1.68000E+00 1.92000E+00
 2.18000E+00 2.46000E+00 2.77000E+00 3.54000E+00 4.64000E+00 6.33000E+00 9.07000E+00 1.36800E+01
 fe60      60.000  26  34   0.0   -61.41285300
 1.00000E+00 1.00000E+00 1.00000E+00 1.00000E+00 1.00000E+00 1.00000E+00 1.00000E+00 1.00000E+00
 1.00000E+00 1.00000E+00 1.00000E+00 1.01000E+00 1.04000E+00 1.11000E+00 1.21000E+00 1.34000E+00
 1.50000E+00 1.68000E+00 1.90000E+00 2.47000E+00 3.34000E+00 4.81000E+00 7.41000E+00 1.22200E+01
 co54      54.000  27  27   0.0   -48.00929100
 1.00000E+00 1.00000E+00 1.00000E+00 1.01000E+00 1.05000E+00 1.15000E+00 1.32000E+00 1.55000E+00
 1.84000E+00 2.15000E+00 2.49000E+00 4.22000E+00 5.74000E+00 7.01000E+00 8.08000E+00 9.04000E+00
 9.93000E+00 1.08300E+01 1.17600E+01 1.39400E+01 1.68600E+01 2.09900E+01 2.70300E+01 3.60100E+01
 co55      55.000  27  28   3.5   -54.02922900
 1.00000E+00 1.00000E+00 1.00000E+00 1.00000E+00 1.00000E+00 1.00000E+00 1.00000E+00 1.00000E+00
 1.00000E+00 1.00000E+00 1.00000E+00 1.00000E+00 1.00000E+00 1.00000E+00 1.00000E+00 1.00000E+00
 1.00000E+00 1.01000E+00 1.01000E+00 1.05000E+00 1.12000E+00 1.26000E+00 1.52000E+00 1.96000E+00
 co56      56.000  27  29   4.0   -56.03976800
 1.00000E+00 1.00000E+00 1.00000E+00 1.00000E+00 1.01000E+00 1.02000E+00 1.04000E+00 1.06000E+00
 1.08000E+00 1.10000E+00 1.13000E+00 1.25000E+00 1.37000E+00 1.50000E+00 1.65000E+00 1.81000E+00
 1.99000E+00 2.18000E+00 2.39000E+00 2.90000E+00 3.55000E+00 4.42000E+00 5.64000E+00 7.39000E+00
 co57      57.000  27  30   3.5   -59.34491700
 1.00000E+00 1.00000E+00 1.00000E+00 1.00000E+00 1.00000E+00 1.00000E+00 1.00000E+00 1.00000E+00
 1.00000E+00 1.00000E+00 1.00000E+00 1.00000E+00 1.00000E+00 1.01000E+00 1.02000E+00 1.04000E+00
 1.08000E+00 1.13000E+00 1.20000E+00 1.40000E+00 1.73000E+00 2.22000E+00 2.98000E+00 4.15000E+00
 co58      58.000  27  31   2.0   -59.84652600
 1.13000E+00 1.35000E+00 1.60000E+00 2.09000E+00 2.51000E+00 2.87000E+00 3.17000E+00 3.43000E+00
 3.66000E+00 3.87000E+00 4.06000E+00 4.86000E+00 5.52000E+00 6.12000E+00 6.69000E+00 7.24000E+00
 7.81000E+00 8.42000E+00 9.08000E+00 1.06700E+01 1.28200E+01 1.58700E+01 2.03500E+01 2.70800E+01
 co59      59.000  27  32   3.5   -62.22908700
 1.00000E+00 1.00000E+00 1.00000E+00 1.00000E+00 1.00000E+00 1.00000E+00 1.00000E+00 1.00000E+00
 1.00000E+00 1.00000E+00 1.00000E+00 1.00000E+00 1.00000E+00 1.01000E+00 1.03000E+00 1.07000E+00
 1.13000E+00 1.21000E+00 1.32000E+00 1.63000E+00 2.13000E+00 2.92000E+00 4.18000E+00 6.25000E+00
 co60      60.000  27  33   5.0   -61.64968700
 1.00000E+00 1.00000E+00 1.02000E+00 1.05000E+00 1.08000E+00 1.12000E+00 1.15000E+00 1.19000E+00
 1.22000E+00 1.26000E+00 1.30000E+00 1.52000E+00 1.78000E+00 2.08000E+00 2.39000E+00 2.73000E+00
 3.09000E+00 3.49000E+00 3.93000E+00 5.01000E+00 6.52000E+00 8.70000E+00 1.20200E+01 1.71800E+01
 co61      61.000  27  34   3.5   -62.89758000
 1.00000E+00 1.00000E+00 1.00000E+00 1.00000E+00 1.00000E+00 1.00000E+00 1.00000E+00 1.00000E+00
 1.00000E+00 1.00000E+00 1.00000E+00 1.00000E+00 1.00000E+00 1.01000E+00 1.03000E+00 1.06000E+00
 1.11000E+00 1.19000E+00 1.31000E+00 1.67000E+00 2.32000E+00 3.45000E+00 5.43000E+00 8.87000E+00
 co62      62.000  27  35   2.0   -61.43122800
 1.17000E+00 1.40000E+00 1.61000E+00 1.94000E+00 2.16000E+00 2.32000E+00 2.44000E+00 2.53000E+00
 2.60000E+00 2.66000E+00 2.71000E+00 2.91000E+00 3.14000E+00 3.43000E+00 3.82000E+00 4.32000E+00
 4.95000E+00 5.73000E+00 6.70000E+00 9.40000E+00 1.36200E+01 2.03300E+01 3.11800E+01 4.89200E+01
 ni56      56.000  28  28   0.0   -53.90688100
 1.00000E+00 1.00000E+00 1.00000E+00 1.00000E+00 1.00000E+00 1.00000E+00 1.00000E+00 1.00000E+00
 1.00000E+00 1.00000E+00 1.00000E+00 1.00000E+00 1.00000E+00 1.00000E+00 1.00000E+00 1.00000E+00
 1.00000E+00 1.01000E+00 1.01000E+00 1.03000E+00 1.08000E+00 1.18000E+00 1.35000E+00 1.67000E+00
 ni57      57.000  28  29   1.5   -56.08318900
 1.00000E+00 1.00000E+00 1.00000E+00 1.00000E+00 1.00000E+00 1.00000E+00 1.00000E+00 1.00000E+00
 1.00000E+00 1.00000E+00 1.00000E+00 1.00000E+00 1.02000E+00 1.05000E+00 1.08000E+00 1.13000E+00
 1.18000E+00 1.24000E+00 1.31000E+00 1.47000E+00 1.68000E+00 2.01000E+00 2.53000E+00 3.37000E+00
 ni58      58.000  28  30   0.0   -60.22812000
 1.00000E+00 1.00000E+00 1.00000E+00 1.00000E+00 1.00000E+00 1.00000E+00 1.00000E+00 1.00000E+00
 1.00000E+00 1.00000E+00 1.00000E+00 1.00000E+00 1.00000E+00 1.01000E+00 1.02000E+00 1.04000E+00
 1.09000E+00 1.15000E+00 1.24000E+00 1.51000E+00 1.97000E+00 2.71000E+00 3.88000E+00 5.75000E+00
 ni59      59.000  28  31   1.5   -61.15608600
 1.00000E+00 1.00000E+00 1.00000E+00 1.00000E+00 1.00000E+00 1.00000E+00 1.00000E+00 1.01000E+00
 1.01000E+00 1.02000E+00 1.03000E+00 1.12000E+00 1.25000E+00 1.40000E+00 1.56000E+00 1.72000E+00
 1.91000E+00 2.11000E+00 2.33000E+00 2.86000E+00 3.57000E+00 4.58000E+00 6.09000E+00 8.45000E+00
 ni60      60.000  28  32   0.0   -64.47250000
 1.00000E+00 1.00000E+00 1.00000E+00 1.00000E+00 1.00000E+00 1.00000E+00 1.00000E+00 1.00000E+00
 1.00000E+00 1.00000E+00 1.00000E+00 1.00000E+00 1.00000E+00 1.01000E+00 1.03000E+00 1.07000E+00
 1.13000E+00 1.21000E+00 1.33000E+00 1.69000E+00 2.27000E+00 3.20000E+00 4.74000E+00 7.35000E+00
 ni61      61.000  28  33   1.5   -64.22128900
 1.00000E+00 1.01000E+00 1.03000E+00 1.11000E+00 1.21000E+00 1.31000E+00 1.41000E+00 1.50000E+00
 1.57000E+00 1.64000E+00 1.71000E+00 1.95000E+00 2.14000E+00 2.32000E+00 2.51000E+00 2.73000E+00
 2.98000E+00 3.28000E+00 3.62000E+00 4.51000E+00 5.75000E+00 7.60000E+00 1.04600E+01 1.50600E+01
 ni62      62.000  28  34   0.0   -66.74581900
 1.00000E+00 1.00000E+00 1.00000E+00 1.00000E+00 1.00000E+00 1.00000E+00 1.00000E+00 1.00000E+00
 1.00000E+00 1.00000E+00 1.00000E+00 1.00000E+00 1.01000E+00 1.02000E+00 1.06000E+00 1.11000E+00
 1.19000E+00 1.30000E+00 1.44000E+00 1.86000E+00 2.55000E+00 3.71000E+00 5.75000E+00 9.44000E+00
 ni63      63.000  28  35   0.5   -65.51227800
 1.00000E+00 1.00000E+00 1.02000E+00 1.11000E+00 1.26000E+00 1.45000E+00 1.65000E+00 1.86000E+00
 2.06000E+00 2.25000E+00 2.42000E+00 3.17000E+00 3.73000E+00 4.21000E+00 4.66000E+00 5.11000E+00
 5.60000E+00 6.16000E+00 6.81000E+00 8.53000E+00 1.12000E+01 1.55900E+01 2.30700E+01 3.61300E+01
 ni64      64.000  28  36   0.0   -67.09843500
 1.00000E+00 1.00000E+00 1.00000E+00 1.00000E+00 1.00000E+00 1.00000E+00 1.00000E+00 1.00000E+00
 1.00000E+00 1.00000E+00 1.00000E+00 1.00000E+00 1.00000E+00 1.01000E+00 1.03000E+00 1.06000E+00
 1.12000E+00 1.19000E+00 1.30000E+00 1.64000E+00 2.26000E+00 3.45000E+00 5.78000E+00 1.04500E+01
 cu59      59.000  29  30   1.5   -56.35769900
 1.00000E+00 1.00000E+00 1.00000E+00 1.00000E+00 1.00000E+00 1.00000E+00 1.00000E+00 1.00000E+00
 1.00000E+00 1.00000E+00 1.00000E+00 1.01000E+00 1.04000E+00 1.08000E+00 1.13000E+00 1.20000E+00
 1.29000E+00 1.40000E+00 1.54000E+00 1.92000E+00 2.54000E+00 3.53000E+00 5.15000E+00 7.80000E+00
 zn60      60.000  30  30   0.0   -54.17369800
 1.00000E+00 1.00000E+00 1.00000E+00 1.00000E+00 1.00000E+00 1.00000E+00 1.00000E+00 1.00000E+00
 1.00000E+00 1.00000E+00 1.00000E+00 1.00000E+00 1.01000E+00 1.05000E+00 1.10000E+00 1.19000E+00
 1.29000E+00 1.41000E+00 1.55000E+00 1.91000E+00 2.41000E+00 3.16000E+00 4.40000E+00 6.56000E+00
