         n    p                            ecr       7.82300E-01
  -2.959  -3.277  -2.959  -3.277  -2.959  -3.277  -2.959  -3.277  -2.959
  -3.277  -2.958  -3.272  -2.941  -3.202  -2.874  -2.970  -2.540  -2.291
  -1.721  -1.232  -0.414   0.305   1.802   2.943   4.347   5.994  -2.959
  -3.277  -2.959  -3.277  -2.959  -3.277  -2.959  -3.277  -2.959  -3.277
  -2.958  -3.272  -2.941  -3.202  -2.874  -2.970  -2.540  -2.291  -1.721
  -1.232  -0.414   0.305   1.802   2.943   4.347   5.994  -2.959  -3.277
  -2.959  -3.277  -2.959  -3.277  -2.959  -3.277  -2.959  -3.277  -2.958
  -3.274  -2.942  -3.205  -2.875  -2.972  -2.540  -2.292  -1.722  -1.232
  -0.414   0.305   1.802   2.943   4.347   5.994  -2.961  -3.281  -2.961
  -3.280  -2.961  -3.280  -2.961  -3.280  -2.960  -3.279  -2.960  -3.278
  -2.948  -3.225  -2.881  -2.988  -2.544  -2.296  -1.722  -1.233  -0.414
   0.304   1.802   2.943   4.347   5.994  -2.980  -3.310  -2.979  -3.309
  -2.979  -3.308  -2.978  -3.305  -2.975  -3.301  -2.973  -3.297  -2.967
  -3.281  -2.925  -3.111  -2.577  -2.344  -1.729  -1.241  -0.415   0.304
   1.802   2.943   4.347   5.994  -3.140  -3.550  -3.140  -3.548  -3.138
  -3.545  -3.131  -3.530  -3.116  -3.500  -3.098  -3.467  -3.070  -3.420
  -3.042  -3.358  -2.813  -2.717  -1.807  -1.321  -0.423   0.295   1.801
   2.943   4.347   5.994  -5.499  -6.776  -5.442  -6.666  -5.306  -6.423
  -4.989  -5.912  -4.592  -5.327  -4.297  -4.916  -3.955  -4.461  -3.726
  -4.167  -3.409  -3.625  -2.366  -1.919  -0.509   0.208   1.798   2.940
   4.347   5.994 -99.698 -99.999 -65.570 -67.164 -35.616 -36.915 -20.209
 -21.223 -13.299 -14.094 -10.394 -11.064  -8.020  -8.573  -6.772  -7.259
  -5.437  -5.742  -3.791  -3.410  -1.151  -0.439   1.768   2.909   4.346
   5.993 -99.698 -99.999 -99.698 -99.999 -99.698 -99.999 -54.663 -55.676
 -33.000 -33.795 -24.198 -24.869 -17.246 -17.799 -13.715 -14.203 -10.110
 -10.416  -6.678  -6.302  -2.766  -2.057   1.478   2.616   4.338   5.985
 -99.698 -99.999 -99.698 -99.999 -99.698 -99.999 -99.698 -99.999 -75.759
 -76.554 -54.136 -54.807 -37.215 -37.768 -28.703 -29.191 -20.123 -20.429
 -12.727 -12.351  -5.886  -5.176   0.277   1.412   4.255   5.901 -99.698
 -99.999 -99.698 -99.999 -99.698 -99.999 -99.698 -99.999 -99.698 -99.999
 -99.698 -99.999 -80.282 -80.835 -61.008 -61.496 -41.670 -41.976 -25.674
 -25.298 -12.404 -11.694  -2.050  -0.915   3.625   5.268
         p    n                            ecr      -7.82300E-01
 -99.698 -99.999 -49.750 -51.332 -29.580 -30.855 -19.262 -20.225 -14.019
 -14.724 -10.766 -11.303  -7.990  -8.333  -6.458  -6.661  -4.715  -4.719
  -2.968  -2.721  -1.035  -0.450   1.600   2.696   4.293   5.927 -99.698
 -99.999 -48.749 -50.330 -28.580 -29.854 -18.262 -19.225 -13.606 -14.311
 -10.744 -11.282  -7.989  -8.332  -6.458  -6.661  -4.715  -4.719  -2.968
  -2.721  -1.035  -0.450   1.600   2.696   4.293   5.927 -99.698 -99.999
 -47.732 -49.314 -27.574 -28.849 -17.260 -18.223 -12.658 -13.363 -10.538
 -11.075  -7.974  -8.317  -6.454  -6.658  -4.714  -4.719  -2.968  -2.720
  -1.035  -0.450   1.600   2.696   4.293   5.927 -99.698 -99.999 -46.572
 -48.153 -26.519 -27.794 -16.243 -17.205 -11.652 -12.357  -9.716 -10.254
  -7.833  -8.176  -6.423  -6.626  -4.709  -4.713  -2.967  -2.720  -1.035
  -0.450   1.600   2.696   4.293   5.927 -99.698 -99.999 -44.223 -45.805
 -25.017 -26.291 -15.072 -16.034 -10.585 -11.290  -8.685  -9.222  -7.099
  -7.442  -6.134  -6.338  -4.656  -4.660  -2.959  -2.711  -1.034  -0.449
   1.600   2.696   4.293   5.927 -99.698 -99.999 -36.029 -37.611 -20.834
 -22.109 -12.798 -13.760  -9.036  -9.741  -7.382  -7.919  -5.962  -6.305
  -5.168  -5.371  -4.214  -4.218  -2.876  -2.629  -1.025  -0.440   1.601
   2.697   4.293   5.927 -46.082 -48.669 -10.983 -12.564  -8.290  -9.564
  -6.487  -7.447  -5.363  -6.062  -4.733  -5.263  -4.066  -4.401  -3.616
  -3.812  -3.010  -3.008  -2.270  -2.020  -0.937  -0.352   1.604   2.700
   4.293   5.927  -1.350  -1.390  -1.349  -1.390  -1.348  -1.388  -1.345
  -1.381  -1.335  -1.363  -1.320  -1.334  -1.285  -1.270  -1.240  -1.188
  -1.128  -0.992  -0.875  -0.574  -0.301   0.293   1.635   2.731   4.294
   5.928   0.831   1.331   0.831   1.331   0.832   1.331   0.832   1.332
   0.833   1.334   0.835   1.337   0.838   1.344   0.844   1.353   0.859
   1.381   0.904   1.462   1.074   1.760   1.922   3.023   4.302   5.936
   2.676   3.584   2.676   3.584   2.676   3.584   2.676   3.584   2.676
   3.584   2.676   3.585   2.677   3.586   2.678   3.587   2.680   3.592
   2.688   3.607   2.725   3.673   3.006   4.157   4.385   6.019   4.416
   5.689   4.416   5.689   4.416   5.689   4.416   5.689   4.416   5.689
   4.416   5.690   4.416   5.690   4.416   5.690   4.417   5.691   4.419
   5.694   4.426   5.707   4.499   5.838   4.989   6.639
      fe54 co54                            ecr      -8.24300E+00
 -99.698 -99.999 -99.698 -99.999 -99.698 -99.999 -99.698 -99.999 -59.708
 -60.444 -42.475 -43.054 -28.932 -29.329 -22.038 -22.304 -14.957 -15.036
  -8.974  -8.801  -4.068  -3.509  -0.115   1.004   2.622   4.264 -99.698
 -99.999 -99.698 -99.999 -99.698 -99.999 -99.698 -99.999 -60.121 -60.857
 -42.497 -43.075 -28.933 -29.331 -22.038 -22.305 -14.957 -15.036  -8.974
  -8.801  -4.068  -3.509  -0.115   1.004   2.622   4.264 -99.698 -99.999
 -99.698 -99.999 -99.698 -99.999 -99.698 -99.999 -61.069 -61.805 -42.703
 -43.281 -28.948 -29.345 -22.041 -22.308 -14.958 -15.037  -8.974  -8.801
  -4.068  -3.509  -0.115   1.004   2.622   4.264 -99.698 -99.999 -99.698
 -99.999 -99.698 -99.999 -99.698 -99.999 -62.075 -62.811 -43.525 -44.103
 -29.090 -29.487 -22.073 -22.340 -14.963 -15.042  -8.974  -8.802  -4.068
  -3.509  -0.115   1.004   2.622   4.264 -99.698 -99.999 -99.698 -99.999
 -99.698 -99.999 -99.698 -99.999 -63.142 -63.877 -44.556 -45.134 -29.823
 -30.220 -22.360 -22.628 -15.017 -15.095  -8.983  -8.810  -4.069  -3.510
  -0.115   1.004   2.622   4.264 -99.698 -99.999 -99.698 -99.999 -99.698
 -99.999 -99.698 -99.999 -64.688 -65.423 -45.856 -46.434 -30.956 -31.353
 -23.323 -23.589 -15.453 -15.532  -9.062  -8.890  -4.078  -3.518  -0.116
   1.003   2.622   4.264 -99.698 -99.999 -99.698 -99.999 -99.698 -99.999
 -99.698 -99.999 -68.357 -69.094 -48.499 -49.077 -32.834 -33.229 -24.840
 -25.103 -16.600 -16.679  -9.629  -9.467  -4.162  -3.605  -0.119   1.000
   2.622   4.264 -99.698 -99.999 -99.698 -99.999 -99.698 -99.999 -99.698
 -99.999 -77.076 -77.814 -54.507 -55.092 -36.717 -37.127 -27.679 -27.968
 -18.470 -18.596 -10.870 -10.773  -4.763  -4.233  -0.150   0.969   2.621
   4.263 -99.698 -99.999 -99.698 -99.999 -99.698 -99.999 -99.698 -99.999
 -96.494 -97.242 -67.980 -68.578 -45.573 -46.006 -34.246 -34.565 -22.776
 -22.938 -13.429 -13.387  -6.220  -5.768  -0.439   0.677   2.613   4.255
 -99.698 -99.999 -99.698 -99.999 -99.698 -99.999 -99.698 -99.999 -99.698
 -99.999 -97.789 -98.391 -65.405 -65.841 -49.093 -49.414 -32.642 -32.804
 -19.322 -19.284  -9.211  -8.798  -1.633  -0.525   2.531   4.171 -99.698
 -99.999 -99.698 -99.999 -99.698 -99.999 -99.698 -99.999 -99.698 -99.999
 -99.698 -99.999 -99.698 -99.999 -81.343 -81.662 -54.129 -54.288 -32.203
 -32.160 -15.665 -15.263  -3.950  -2.849   1.901   3.538
      fe55 co55                            ecr      -3.45130E+00
 -99.698 -99.999 -99.698 -99.999 -92.416 -93.691 -47.518 -48.483 -28.343
 -29.051 -21.428 -21.966 -15.876 -16.215 -12.929 -13.116  -9.570  -9.523
  -6.205  -5.940  -3.170  -2.524   0.134   1.268   2.923   4.558 -99.698
 -99.999 -99.698 -99.999 -93.416 -94.692 -48.518 -49.483 -28.757 -29.464
 -21.449 -21.988 -15.878 -16.216 -12.929 -13.116  -9.570  -9.523  -6.205
  -5.940  -3.170  -2.524   0.134   1.268   2.923   4.558 -99.698 -99.999
 -99.698 -99.999 -94.420 -95.696 -49.520 -50.484 -29.705 -30.412 -21.655
 -22.194 -15.892 -16.231 -12.932 -13.119  -9.570  -9.524  -6.205  -5.940
  -3.170  -2.524   0.134   1.268   2.923   4.558 -99.698 -99.999 -99.698
 -99.999 -95.459 -96.738 -50.534 -51.500 -30.709 -31.416 -22.474 -23.012
 -16.031 -16.369 -12.961 -13.148  -9.573  -9.527  -6.205  -5.940  -3.170
  -2.524   0.134   1.268   2.923   4.558 -99.698 -99.999 -99.698 -99.999
 -96.880 -98.183 -51.677 -52.654 -31.757 -32.464 -23.482 -24.013 -16.727
 -17.057 -13.214 -13.398  -9.603  -9.558  -6.209  -5.945  -3.170  -2.525
   0.134   1.268   2.923   4.558 -99.698 -99.999 -99.698 -99.999 -99.698
 -99.999 -53.843 -54.814 -33.167 -33.854 -24.580 -25.066 -17.561 -17.869
 -13.853 -14.025  -9.801  -9.767  -6.240  -5.990  -3.177  -2.533   0.134
   1.268   2.923   4.558 -99.698 -99.999 -99.698 -99.999 -99.698 -99.999
 -59.199 -60.085 -35.744 -36.403 -26.178 -26.719 -18.556 -18.908 -14.511
 -14.677 -10.134 -10.131  -6.424  -6.262  -3.243  -2.611   0.131   1.265
   2.923   4.558 -99.698 -99.999 -99.698 -99.999 -99.698 -99.999 -72.879
 -73.774 -42.933 -43.632 -30.797 -31.355 -21.181 -21.566 -16.255 -16.525
 -11.203 -11.326  -7.050  -7.000  -3.685  -3.167   0.100   1.234   2.922
   4.557 -99.698 -99.999 -99.698 -99.999 -99.698 -99.999 -99.698 -99.999
 -61.932 -62.678 -43.926 -44.523 -29.767 -30.201 -22.594 -22.917 -15.315
 -15.486  -9.399  -9.393  -4.872  -4.524  -0.187   0.942   2.914   4.549
 -99.698 -99.999 -99.698 -99.999 -99.698 -99.999 -99.698 -99.999 -99.698
 -99.999 -73.707 -74.314 -49.589 -50.031 -37.437 -37.765 -25.181 -25.354
 -15.289 -15.280  -7.798  -7.485  -1.374  -0.258   2.832   4.465 -99.698
 -99.999 -99.698 -99.999 -99.698 -99.999 -99.698 -99.999 -99.698 -99.999
 -99.698 -99.999 -92.618 -93.058 -69.704 -70.029 -46.686 -46.855 -28.187
 -28.172 -14.247 -13.928  -3.681  -2.577   2.201   3.831
      fe56 co56                            ecr      -4.56600E+00
 -99.698 -99.999 -99.698 -99.999 -99.698 -99.999 -62.855 -63.788 -37.269
 -37.939 -27.645 -28.133 -19.856 -20.133 -15.694 -15.825 -11.062 -10.993
  -6.686  -6.420  -2.996  -2.405   0.330   1.467   3.050   4.688 -99.698
 -99.999 -99.698 -99.999 -99.698 -99.999 -63.853 -64.786 -37.681 -38.351
 -27.667 -28.154 -19.857 -20.134 -15.694 -15.825 -11.062 -10.993  -6.686
  -6.420  -2.996  -2.405   0.330   1.467   3.050   4.688 -99.698 -99.999
 -99.698 -99.999 -99.698 -99.999 -64.837 -65.765 -38.621 -39.293 -27.871
 -28.359 -19.871 -20.148 -15.697 -15.828 -11.062 -10.994  -6.686  -6.421
  -2.996  -2.405   0.330   1.467   3.050   4.688 -99.698 -99.999 -99.698
 -99.999 -99.698 -99.999 -65.710 -66.603 -39.555 -40.238 -28.663 -29.157
 -20.005 -20.283 -15.724 -15.856 -11.066 -10.997  -6.687  -6.421  -2.997
  -2.405   0.330   1.467   3.050   4.688 -99.698 -99.999 -99.698 -99.999
 -99.698 -99.999 -66.281 -67.144 -40.233 -40.957 -29.472 -29.996 -20.636
 -20.927 -15.962 -16.096 -11.098 -11.030  -6.690  -6.425  -2.997  -2.406
   0.330   1.467   3.050   4.688 -99.698 -99.999 -99.698 -99.999 -99.698
 -99.999 -67.640 -68.658 -41.063 -41.805 -30.122 -30.673 -21.261 -21.586
 -16.518 -16.661 -11.316 -11.249  -6.724  -6.466  -3.003  -2.413   0.330
   1.467   3.050   4.688 -99.698 -99.999 -99.698 -99.999 -99.698 -99.999
 -73.045 -74.058 -43.825 -44.595 -31.873 -32.422 -22.193 -22.485 -17.093
 -17.230 -11.651 -11.601  -6.910  -6.694  -3.061  -2.485   0.327   1.464
   3.050   4.688 -99.698 -99.999 -99.698 -99.999 -99.698 -99.999 -87.074
 -88.037 -51.037 -51.693 -36.358 -36.860 -24.715 -25.040 -18.730 -18.925
 -12.542 -12.575  -7.403  -7.274  -3.425  -2.969   0.297   1.433   3.049
   4.687 -99.698 -99.999 -99.698 -99.999 -99.698 -99.999 -99.698 -99.999
 -69.155 -69.908 -48.720 -49.321 -32.645 -33.076 -24.497 -24.810 -16.232
 -16.387  -9.513  -9.487  -4.483  -4.189   0.011   1.142   3.041   4.679
 -99.698 -99.999 -99.698 -99.999 -99.698 -99.999 -99.698 -99.999 -99.698
 -99.999 -78.495 -79.099 -52.454 -52.890 -39.327 -39.647 -26.090 -26.253
 -15.400 -15.381  -7.404  -7.133  -1.171  -0.057   2.959   4.596 -99.698
 -99.999 -99.698 -99.999 -99.698 -99.999 -99.698 -99.999 -99.698 -99.999
 -99.698 -99.999 -95.485 -95.921 -71.597 -71.917 -47.600 -47.762 -28.306
 -28.284 -13.866 -13.586  -3.478  -2.376   2.328   3.962
      fe57 co57                            ecr      -8.36000E-01
 -99.698 -99.999 -58.544 -59.454 -33.298 -34.202 -19.584 -19.985 -12.994
 -13.298 -11.139 -11.375  -9.549  -9.675  -8.552  -8.582  -6.999  -6.872
  -4.741  -4.414  -2.344  -1.782   0.483   1.604   3.164   4.788 -99.698
 -99.999 -58.544 -59.454 -33.302 -34.211 -20.363 -20.903 -13.404 -13.711
 -11.161 -11.396  -9.550  -9.677  -8.552  -8.582  -6.999  -6.872  -4.741
  -4.414  -2.344  -1.782   0.483   1.604   3.164   4.788 -99.698 -99.999
 -58.550 -59.461 -33.305 -34.216 -20.666 -21.471 -14.313 -14.648 -11.364
 -11.601  -9.565  -9.691  -8.554  -8.585  -6.999  -6.872  -4.741  -4.414
  -2.344  -1.782   0.483   1.604   3.164   4.788 -99.698 -99.999 -58.598
 -59.526 -33.339 -34.259 -20.732 -21.629 -15.052 -15.558 -12.146 -12.410
  -9.700  -9.828  -8.581  -8.612  -7.002  -6.875  -4.741  -4.414  -2.344
  -1.782   0.483   1.604   3.164   4.788 -99.698 -99.999 -58.927 -59.970
 -33.621 -34.621 -20.921 -21.865 -15.404 -16.183 -12.905 -13.326 -10.349
 -10.498  -8.810  -8.845  -7.026  -6.900  -4.742  -4.416  -2.344  -1.783
   0.483   1.604   3.164   4.788 -99.698 -99.999 -63.662 -65.263 -36.431
 -37.743 -22.449 -23.513 -16.260 -17.125 -13.599 -14.178 -11.017 -11.214
  -9.309  -9.365  -7.180  -7.057  -4.758  -4.435  -2.348  -1.788   0.483
   1.604   3.164   4.788 -99.698 -99.999 -88.306 -89.831 -48.443 -49.705
 -28.147 -29.147 -19.189 -19.943 -15.292 -15.722 -11.724 -11.933  -9.748
  -9.859  -7.422  -7.312  -4.845  -4.545  -2.383  -1.841   0.480   1.601
   3.164   4.788 -99.698 -99.999 -99.698 -99.999 -77.336 -78.597 -41.557
 -42.527 -25.912 -26.638 -19.482 -20.038 -14.239 -14.549 -11.369 -11.488
  -8.129  -8.051  -5.161  -4.929  -2.604  -2.168   0.450   1.570   3.163
   4.788 -99.698 -99.999 -99.698 -99.999 -99.698 -99.999 -73.604 -74.572
 -43.193 -43.919 -30.876 -31.450 -21.153 -21.558 -16.198 -16.481 -11.112
 -11.230  -6.857  -6.785  -3.434  -3.135   0.167   1.280   3.154   4.779
 -99.698 -99.999 -99.698 -99.999 -99.698 -99.999 -99.698 -99.999 -85.559
 -86.310 -60.448 -61.049 -40.785 -41.216 -30.867 -31.180 -20.835 -20.987
 -12.642 -12.605  -6.276  -6.014  -0.995   0.087   3.072   4.696 -99.698
 -99.999 -99.698 -99.999 -99.698 -99.999 -99.698 -99.999 -99.698 -99.999
 -99.698 -99.999 -83.805 -84.235 -63.125 -63.437 -42.334 -42.485 -25.537
 -25.496 -12.724 -12.446  -3.284  -2.223   2.440   4.061
      fe58 co58                            ecr      -2.30740E+00
 -99.698 -99.999 -99.698 -99.999 -64.629 -65.897 -34.102 -35.055 -21.021
 -21.711 -16.501 -17.017 -12.759 -13.053 -10.635 -10.759  -7.998  -7.893
  -4.937  -4.597  -2.096  -1.531   0.560   1.744   3.120   4.785 -99.698
 -99.999 -99.698 -99.999 -65.628 -66.897 -35.103 -36.055 -21.434 -22.124
 -16.523 -17.038 -12.759 -13.054 -10.635 -10.759  -7.998  -7.893  -4.937
  -4.597  -2.096  -1.531   0.560   1.744   3.120   4.785 -99.698 -99.999
 -99.698 -99.999 -66.622 -67.894 -36.102 -37.056 -22.382 -23.072 -16.728
 -17.244 -12.774 -13.068 -10.638 -10.762  -7.998  -7.893  -4.937  -4.597
  -2.096  -1.531   0.560   1.744   3.120   4.785 -99.698 -99.999 -99.698
 -99.999 -67.581 -68.876 -37.100 -38.066 -23.384 -24.076 -17.547 -18.062
 -12.910 -13.203 -10.664 -10.789  -8.001  -7.896  -4.938  -4.598  -2.096
  -1.531   0.560   1.744   3.120   4.785 -99.698 -99.999 -99.698 -99.999
 -68.771 -70.154 -38.161 -39.193 -24.423 -25.127 -18.545 -19.048 -13.570
 -13.850 -10.889 -11.017  -8.026  -7.924  -4.939  -4.599  -2.096  -1.531
   0.560   1.744   3.120   4.785 -99.698 -99.999 -99.698 -99.999 -72.885
 -74.293 -40.348 -41.423 -25.845 -26.522 -19.569 -19.994 -14.240 -14.492
 -11.381 -11.528  -8.186  -8.099  -4.953  -4.618  -2.099  -1.535   0.560
   1.744   3.120   4.785 -99.698 -99.999 -99.698 -99.999 -85.250 -86.520
 -45.792 -46.623 -28.155 -28.751 -20.877 -21.362 -15.029 -15.369 -11.941
 -12.137  -8.467  -8.393  -5.031  -4.721  -2.123  -1.578   0.558   1.740
   3.120   4.785 -99.698 -99.999 -99.698 -99.999 -99.698 -99.999 -59.474
 -60.436 -35.594 -36.277 -25.766 -26.272 -17.846 -18.155 -13.697 -13.854
  -9.250  -9.189  -5.337  -5.087  -2.283  -1.839   0.529   1.710   3.119
   4.784 -99.698 -99.999 -99.698 -99.999 -99.698 -99.999 -91.340 -92.315
 -52.793 -53.524 -37.180 -37.757 -24.847 -25.246 -18.561 -18.834 -12.147
 -12.249  -6.919  -6.826  -3.030  -2.715   0.261   1.424   3.111   4.775
 -99.698 -99.999 -99.698 -99.999 -99.698 -99.999 -99.698 -99.999 -95.125
 -95.876 -66.700 -67.300 -44.411 -44.842 -33.158 -33.470 -21.797 -21.947
 -12.642 -12.601  -5.833  -5.567  -0.850   0.244   3.029   4.692 -99.698
 -99.999 -99.698 -99.999 -99.698 -99.999 -99.698 -99.999 -99.698 -99.999
 -99.698 -99.999 -87.440 -87.871 -65.425 -65.737 -43.304 -43.453 -25.545
 -25.502 -12.294 -12.018  -3.115  -2.057   2.402   4.060
      fe59 co59                            ecr       1.56520E+00
  -6.742  -7.332  -6.742  -7.332  -6.742  -7.332  -6.741  -7.327  -6.528
  -6.749  -5.879  -5.858  -5.159  -5.097  -4.782  -4.711  -4.292  -4.140
  -3.129  -2.722  -1.422  -0.852   0.696   1.830   3.217   4.852  -6.743
  -7.333  -6.742  -7.332  -6.742  -7.332  -6.741  -7.327  -6.528  -6.749
  -5.879  -5.858  -5.159  -5.097  -4.782  -4.711  -4.292  -4.140  -3.129
  -2.722  -1.422  -0.852   0.696   1.830   3.217   4.852  -6.748  -7.340
  -6.745  -7.335  -6.744  -7.334  -6.742  -7.329  -6.528  -6.749  -5.879
  -5.858  -5.159  -5.097  -4.782  -4.712  -4.292  -4.140  -3.129  -2.722
  -1.422  -0.852   0.696   1.830   3.217   4.852  -6.773  -7.372  -6.765
  -7.361  -6.759  -7.353  -6.751  -7.340  -6.532  -6.752  -5.880  -5.859
  -5.160  -5.098  -4.783  -4.712  -4.293  -4.140  -3.129  -2.722  -1.422
  -0.852   0.696   1.830   3.217   4.852  -6.893  -7.523  -6.887  -7.515
  -6.872  -7.494  -6.839  -7.445  -6.570  -6.774  -5.889  -5.866  -5.165
  -5.104  -4.787  -4.719  -4.296  -4.146  -3.130  -2.723  -1.422  -0.852
   0.696   1.830   3.217   4.852  -7.576  -8.336  -7.567  -8.324  -7.541
  -8.290  -7.445  -8.146  -6.809  -6.902  -5.951  -5.920  -5.196  -5.145
  -4.815  -4.756  -4.322  -4.183  -3.138  -2.734  -1.424  -0.856   0.696
   1.830   3.217   4.852 -99.698 -99.999 -23.143 -24.626 -15.467 -15.746
  -9.762  -9.807  -7.207  -7.244  -6.184  -6.216  -5.398  -5.419  -5.002
  -5.004  -4.460  -4.343  -3.189  -2.796  -1.442  -0.885   0.693   1.827
   3.217   4.852 -99.698 -99.999 -30.559 -31.648 -18.569 -19.592 -12.392
 -13.261  -9.507 -10.195  -8.214  -8.771  -7.064  -7.439  -6.341  -6.538
  -5.175  -5.049  -3.402  -3.047  -1.560  -1.066   0.664   1.796   3.216
   4.851 -99.698 -99.999 -99.698 -99.999 -84.503 -85.692 -44.223 -45.130
 -26.623 -27.316 -19.415 -19.955 -13.615 -13.945 -10.565 -10.747  -7.341
  -7.350  -4.537  -4.366  -2.143  -1.770   0.400   1.512   3.208   4.843
 -99.698 -99.999 -99.698 -99.999 -99.698 -99.999 -99.698 -99.999 -68.057
 -68.807 -48.078 -48.676 -32.405 -32.832 -24.498 -24.805 -16.506 -16.649
  -9.957  -9.903  -4.788  -4.503  -0.680   0.345   3.126   4.759 -99.698
 -99.999 -99.698 -99.999 -99.698 -99.999 -99.698 -99.999 -99.698 -99.999
 -99.698 -99.999 -75.428 -75.855 -56.759 -57.066 -38.008 -38.151 -22.858
 -22.803 -11.248 -10.955  -2.930  -1.945   2.496   4.126
      fe60 co60                            ecr       2.37000E-01
 -13.843 -14.735 -13.843 -14.735 -13.843 -14.735 -13.827 -14.688 -10.275
 -10.494  -8.623  -8.828  -7.214  -7.357  -6.364  -6.406  -5.127  -4.983
  -3.376  -2.997  -1.361  -0.787   0.850   1.950   3.434   5.051 -13.845
 -14.737 -13.843 -14.735 -13.843 -14.735 -13.829 -14.694 -10.542 -10.809
  -8.637  -8.845  -7.215  -7.358  -6.364  -6.407  -5.127  -4.983  -3.376
  -2.997  -1.361  -0.787   0.850   1.950   3.434   5.051 -13.857 -14.754
 -13.848 -14.742 -13.846 -14.739 -13.831 -14.696 -10.819 -11.203  -8.759
  -8.998  -7.225  -7.370  -6.366  -6.409  -5.127  -4.984  -3.376  -2.997
  -1.361  -0.787   0.850   1.950   3.434   5.051 -13.916 -14.837 -13.894
 -14.804 -13.879 -14.781 -13.849 -14.718 -10.870 -11.287  -9.025  -9.387
  -7.314  -7.482  -6.389  -6.435  -5.131  -4.987  -3.376  -2.998  -1.361
  -0.787   0.850   1.950   3.434   5.051 -14.230 -15.269 -14.205 -15.224
 -14.147 -15.127 -14.024 -14.916 -10.911 -11.343  -9.116  -9.536  -7.616
  -7.919  -6.576  -6.656  -5.162  -5.019  -3.379  -3.000  -1.361  -0.788
   0.850   1.950   3.434   5.051 -38.162 -40.751 -18.636 -20.237 -16.837
 -18.150 -15.323 -16.099 -11.199 -11.707  -9.360  -9.841  -7.879  -8.291
  -6.964  -7.143  -5.367  -5.226  -3.401  -3.023  -1.363  -0.791   0.849
   1.950   3.434   5.051 -99.698 -99.999 -43.682 -45.283 -28.571 -29.409
 -18.064 -18.839 -13.215 -13.919 -11.009 -11.634  -8.986  -9.354  -7.583
  -7.666  -5.661  -5.521  -3.513  -3.137  -1.388  -0.826   0.846   1.947
   3.434   5.051 -99.698 -99.999 -99.698 -99.999 -55.174 -56.467 -31.225
 -31.781 -19.754 -20.236 -15.018 -15.433 -11.060 -11.306  -8.846  -8.950
  -6.318  -6.209  -3.765  -3.425  -1.531  -1.028   0.817   1.916   3.433
   5.050 -99.698 -99.999 -99.698 -99.999 -99.698 -99.999 -60.310 -61.293
 -35.593 -36.323 -25.494 -26.055 -17.386 -17.723 -13.138 -13.320  -8.678
  -8.681  -4.927  -4.746  -2.110  -1.729   0.541   1.628   3.425   5.042
 -99.698 -99.999 -99.698 -99.999 -99.698 -99.999 -99.698 -99.999 -76.928
 -77.677 -54.044 -54.641 -36.069 -36.496 -26.973 -27.281 -17.764 -17.907
 -10.297 -10.243  -4.742  -4.455  -0.580   0.448   3.342   4.958 -99.698
 -99.999 -99.698 -99.999 -99.698 -99.999 -99.698 -99.999 -99.698 -99.999
 -99.698 -99.999 -79.102 -79.529 -59.245 -59.552 -39.277 -39.420 -23.209
 -23.155 -11.219 -10.930  -2.864  -1.861   2.710   4.323
      co54 fe54                            ecr       8.24300E+00
   0.537   1.120   0.537   1.120   0.537   1.120   0.518   1.100   0.347
   0.929   0.143   0.725  -0.083   0.498  -0.211   0.370  -0.327   0.257
  -0.305   0.300   0.104   0.876   2.136   3.301   4.779   6.421   0.537
   1.120   0.537   1.120   0.537   1.120   0.518   1.100   0.347   0.929
   0.143   0.725  -0.083   0.498  -0.211   0.370  -0.327   0.257  -0.305
   0.300   0.104   0.876   2.136   3.301   4.779   6.421   0.537   1.120
   0.537   1.120   0.537   1.120   0.518   1.100   0.347   0.929   0.143
   0.725  -0.083   0.498  -0.211   0.370  -0.327   0.257  -0.305   0.300
   0.104   0.876   2.136   3.301   4.779   6.421   0.537   1.121   0.537
   1.121   0.537   1.120   0.518   1.101   0.347   0.929   0.143   0.725
  -0.083   0.498  -0.211   0.370  -0.327   0.257  -0.305   0.300   0.104
   0.876   2.136   3.301   4.779   6.421   0.538   1.123   0.538   1.123
   0.538   1.123   0.519   1.103   0.348   0.931   0.144   0.727  -0.082
   0.500  -0.211   0.371  -0.327   0.258  -0.304   0.301   0.104   0.877
   2.136   3.301   4.779   6.421   0.545   1.138   0.545   1.138   0.545
   1.138   0.526   1.118   0.355   0.947   0.151   0.742  -0.075   0.515
  -0.204   0.385  -0.320   0.270  -0.300   0.310   0.108   0.882   2.136
   3.301   4.779   6.421   0.601   1.253   0.601   1.253   0.601   1.253
   0.582   1.233   0.411   1.063   0.208   0.860  -0.017   0.635  -0.144
   0.509  -0.258   0.397  -0.243   0.423   0.146   0.938   2.139   3.304
   4.779   6.421   0.974   1.844   0.975   1.844   0.974   1.844   0.955
   1.825   0.788   1.656   0.590   1.456   0.374   1.237   0.256   1.116
   0.157   1.014   0.194   1.051   0.515   1.405   2.169   3.335   4.780
   6.422   1.991   3.009   1.991   3.009   1.991   3.009   1.973   2.990
   1.823   2.826   1.654   2.636   1.487   2.433   1.405   2.325   1.345
   2.238   1.379   2.272   1.608   2.553   2.450   3.620   4.788   6.431
   3.394   4.515   3.394   4.515   3.394   4.515   3.382   4.499   3.280
   4.369   3.180   4.231   3.097   4.105   3.062   4.048   3.039   4.006
   3.048   4.021   3.135   4.160   3.501   4.711   4.870   6.514   4.976
   6.314   4.976   6.314   4.976   6.314   4.968   6.304   4.907   6.225
   4.853   6.152   4.813   6.094   4.797   6.071   4.786   6.055   4.788
   6.059   4.819   6.106   4.955   6.319   5.471   7.130
      co55 fe55                            ecr       3.45130E+00
  -5.122  -5.237  -5.122  -5.237  -5.122  -5.237  -5.122  -5.237  -5.122
  -5.237  -5.120  -5.231  -5.091  -5.154  -4.982  -4.914  -4.405  -4.098
  -3.030  -2.606  -0.976  -0.322   1.855   2.952   4.619   6.244  -5.120
  -5.233  -5.121  -5.236  -5.122  -5.236  -5.122  -5.237  -5.122  -5.237
  -5.120  -5.231  -5.091  -5.154  -4.982  -4.914  -4.405  -4.098  -3.030
  -2.606  -0.976  -0.322   1.855   2.952   4.619   6.244  -5.108  -5.203
  -5.116  -5.222  -5.118  -5.226  -5.119  -5.229  -5.119  -5.230  -5.118
  -5.227  -5.090  -5.151  -4.981  -4.912  -4.404  -4.098  -3.030  -2.606
  -0.976  -0.322   1.855   2.952   4.619   6.244  -5.057  -5.084  -5.071
  -5.114  -5.081  -5.137  -5.090  -5.158  -5.095  -5.169  -5.097  -5.173
  -5.078  -5.122  -4.972  -4.896  -4.402  -4.094  -3.029  -2.605  -0.976
  -0.322   1.855   2.952   4.619   6.244  -4.863  -4.740  -4.866  -4.744
  -4.876  -4.758  -4.896  -4.787  -4.915  -4.816  -4.925  -4.828  -4.926
  -4.822  -4.872  -4.726  -4.371  -4.060  -3.024  -2.600  -0.975  -0.321
   1.855   2.952   4.619   6.244  -4.324  -4.050  -4.324  -4.050  -4.323
  -4.049  -4.323  -4.048  -4.322  -4.044  -4.320  -4.036  -4.308  -4.015
  -4.279  -3.975  -4.069  -3.735  -2.972  -2.548  -0.967  -0.314   1.855
   2.952   4.620   6.244  -3.347  -2.993  -3.347  -2.993  -3.346  -2.992
  -3.344  -2.990  -3.338  -2.983  -3.328  -2.971  -3.302  -2.944  -3.262
  -2.904  -3.116  -2.762  -2.509  -2.091  -0.892  -0.236   1.858   2.955
   4.620   6.244  -1.817  -1.488  -1.816  -1.488  -1.816  -1.487  -1.814
  -1.485  -1.807  -1.479  -1.797  -1.469  -1.770  -1.445  -1.729  -1.409
  -1.603  -1.291  -1.220  -0.837  -0.308   0.354   1.889   2.986   4.620
   6.245   0.654   1.036   0.654   1.036   0.654   1.036   0.655   1.037
   0.657   1.040   0.660   1.045   0.667   1.057   0.677   1.073   0.705
   1.118   0.789   1.257   1.095   1.770   2.176   3.276   4.629   6.254
   2.827   3.656   2.827   3.656   2.827   3.656   2.827   3.656   2.828
   3.657   2.828   3.657   2.829   3.659   2.830   3.661   2.833   3.667
   2.844   3.688   2.898   3.788   3.270   4.409   4.711   6.337   4.688
   5.922   4.688   5.922   4.688   5.922   4.688   5.922   4.689   5.922
   4.689   5.922   4.689   5.923   4.689   5.923   4.689   5.924   4.691
   5.927   4.702   5.946   4.800   6.117   5.317   6.957
      co56 fe56                            ecr       4.56600E+00
  -7.706  -7.803  -7.708  -7.806  -7.692  -7.775  -7.033  -6.897  -6.285
  -6.112  -5.970  -5.794  -5.642  -5.448  -5.178  -4.887  -4.094  -3.682
  -2.791  -2.284  -1.100  -0.395   1.757   2.854   4.567   6.190  -7.680
  -7.776  -7.699  -7.796  -7.686  -7.769  -7.032  -6.896  -6.285  -6.112
  -5.970  -5.794  -5.642  -5.448  -5.178  -4.887  -4.094  -3.682  -2.791
  -2.284  -1.100  -0.395   1.757   2.854   4.567   6.190  -7.528  -7.620
  -7.617  -7.711  -7.625  -7.707  -7.020  -6.888  -6.282  -6.110  -5.969
  -5.793  -5.641  -5.447  -5.178  -4.887  -4.094  -3.682  -2.791  -2.284
  -1.100  -0.395   1.757   2.854   4.567   6.190  -7.144  -7.229  -7.218
  -7.303  -7.274  -7.353  -6.917  -6.817  -6.257  -6.090  -5.954  -5.780
  -5.635  -5.440  -5.175  -4.884  -4.093  -3.681  -2.791  -2.284  -1.100
  -0.395   1.757   2.854   4.567   6.190  -6.531  -6.608  -6.536  -6.612
  -6.548  -6.622  -6.452  -6.439  -6.069  -5.936  -5.820  -5.659  -5.540
  -5.349  -5.135  -4.848  -4.087  -3.674  -2.789  -2.282  -1.099  -0.395
   1.757   2.854   4.567   6.190  -5.665  -5.717  -5.665  -5.715  -5.662
  -5.712  -5.615  -5.631  -5.425  -5.343  -5.255  -5.121  -5.035  -4.849
  -4.780  -4.515  -4.003  -3.590  -2.769  -2.255  -1.093  -0.388   1.757
   2.855   4.567   6.190  -4.359  -4.346  -4.358  -4.345  -4.356  -4.343
  -4.333  -4.305  -4.232  -4.146  -4.123  -3.989  -3.965  -3.777  -3.812
  -3.564  -3.422  -3.018  -2.536  -1.975  -1.028  -0.316   1.760   2.858
   4.567   6.190  -2.447  -2.292  -2.446  -2.291  -2.445  -2.290  -2.438
  -2.278  -2.403  -2.223  -2.361  -2.157  -2.289  -2.054  -2.214  -1.948
  -2.026  -1.674  -1.520  -0.969  -0.491   0.243   1.790   2.889   4.568
   6.191   0.248   0.565   0.248   0.565   0.249   0.566   0.250   0.567
   0.252   0.573   0.256   0.582   0.266   0.600   0.281   0.625   0.324
   0.696   0.456   0.921   0.881   1.589   2.077   3.179   4.576   6.199
   2.669   3.455   2.669   3.455   2.669   3.455   2.669   3.455   2.669
   3.455   2.668   3.455   2.668   3.456   2.669   3.458   2.673   3.465
   2.688   3.493   2.759   3.626   3.178   4.312   4.659   6.282   4.604
   5.819   4.604   5.819   4.604   5.819   4.604   5.819   4.603   5.819
   4.603   5.818   4.603   5.818   4.603   5.818   4.603   5.819   4.605
   5.823   4.619   5.848   4.727   6.035   5.265   6.903
      co56 ni56                            ecr      -2.13500E+00
 -99.698 -99.999 -99.698 -99.999 -69.759 -70.327 -37.768 -38.162 -23.053
 -23.182 -17.769 -17.866 -13.483 -13.522 -11.091 -11.095  -8.426  -8.367
  -6.029  -5.717  -3.405  -2.756   0.008   1.117   2.897   4.522 -99.698
 -99.999 -99.698 -99.999 -69.759 -70.328 -37.911 -38.450 -23.428 -23.581
 -17.788 -17.886 -13.485 -13.523 -11.091 -11.096  -8.426  -8.367  -6.029
  -5.717  -3.405  -2.756   0.008   1.117   2.897   4.522 -99.698 -99.999
 -99.698 -99.999 -69.760 -70.329 -37.929 -38.494 -24.063 -24.380 -17.970
 -18.083 -13.496 -13.536 -11.092 -11.098  -8.426  -8.368  -6.029  -5.717
  -3.405  -2.756   0.008   1.117   2.897   4.522 -99.698 -99.999 -99.698
 -99.999 -69.773 -70.347 -37.939 -38.510 -24.276 -24.790 -18.541 -18.785
 -13.601 -13.651 -11.109 -11.117  -8.429  -8.371  -6.029  -5.718  -3.405
  -2.756   0.008   1.117   2.897   4.522 -99.698 -99.999 -99.698 -99.999
 -69.870 -70.484 -38.017 -38.615 -24.357 -24.931 -18.825 -19.274 -13.981
 -14.106 -11.234 -11.273  -8.446  -8.398  -6.034  -5.724  -3.406  -2.757
   0.008   1.117   2.897   4.522 -99.698 -99.999 -99.698 -99.999 -70.529
 -71.383 -38.608 -39.389 -24.816 -25.496 -19.176 -19.692 -14.229 -14.414
 -11.447 -11.557  -8.563  -8.582  -6.077  -5.788  -3.413  -2.765   0.008
   1.116   2.897   4.522 -99.698 -99.999 -99.698 -99.999 -80.670 -81.948
 -43.872 -44.865 -27.609 -28.172 -20.521 -20.878 -14.782 -15.051 -11.862
 -12.076  -8.886  -9.013  -6.354  -6.207  -3.491  -2.849   0.005   1.113
   2.897   4.522 -99.698 -99.999 -99.698 -99.999 -99.698 -99.999 -57.166
 -58.167 -34.496 -35.263 -25.280 -25.899 -17.978 -18.438 -14.249 -14.604
 -10.427 -10.641  -7.231  -7.218  -4.035  -3.454  -0.026   1.082   2.896
   4.521 -99.698 -99.999 -99.698 -99.999 -99.698 -99.999 -91.260 -92.256
 -53.829 -54.590 -38.714 -39.327 -26.826 -27.274 -20.801 -21.137 -14.679
 -14.866  -9.649  -9.643  -5.349  -4.914  -0.315   0.790   2.888   4.512
 -99.698 -99.999 -99.698 -99.999 -99.698 -99.999 -99.698 -99.999 -96.457
 -97.217 -68.516 -69.127 -46.653 -47.100 -35.642 -35.976 -24.535 -24.716
 -15.516 -15.504  -8.277  -7.897  -1.500  -0.409   2.805   4.429 -99.698
 -99.999 -99.698 -99.999 -99.698 -99.999 -99.698 -99.999 -99.698 -99.999
 -99.698 -99.999 -89.674 -90.119 -67.900 -68.231 -46.031 -46.206 -28.402
 -28.381 -14.686 -14.306  -3.782  -2.712   2.174   3.795
      co57 fe57                            ecr       8.36000E-01
 -10.304 -10.460 -10.791 -10.941 -10.925 -11.069 -11.038 -11.167 -10.455
 -10.557  -9.143  -9.215  -7.921  -7.938  -7.158  -7.113  -6.035  -5.835
  -4.235  -3.821  -1.642  -0.968   1.640   2.739   4.528   6.150  -9.325
  -9.480  -9.791  -9.942  -9.925 -10.069 -10.038 -10.167 -10.042 -10.144
  -9.122  -9.193  -7.920  -7.937  -7.158  -7.113  -6.035  -5.835  -4.235
  -3.821  -1.642  -0.968   1.640   2.739   4.528   6.150  -8.455  -8.609
  -8.798  -8.948  -8.927  -9.071  -9.038  -9.167  -9.094  -9.196  -8.916
  -8.988  -7.905  -7.922  -7.155  -7.109  -6.034  -5.834  -4.235  -3.821
  -1.642  -0.968   1.640   2.739   4.528   6.150  -7.742  -7.894  -7.849
  -7.998  -7.946  -8.088  -8.043  -8.172  -8.096  -8.198  -8.098  -8.169
  -7.766  -7.782  -7.125  -7.079  -6.030  -5.829  -4.234  -3.820  -1.642
  -0.968   1.640   2.739   4.528   6.150  -7.024  -7.163  -7.030  -7.167
  -7.046  -7.179  -7.081  -7.202  -7.106  -7.203  -7.103  -7.171  -7.049
  -7.062  -6.849  -6.799  -5.982  -5.780  -4.228  -3.814  -1.641  -0.967
   1.640   2.739   4.528   6.150  -6.149  -6.231  -6.148  -6.230  -6.146
  -6.226  -6.140  -6.213  -6.122  -6.181  -6.098  -6.134  -6.038  -6.031
  -5.950  -5.885  -5.580  -5.369  -4.166  -3.749  -1.634  -0.959   1.640
   2.740   4.528   6.150  -4.932  -4.873  -4.932  -4.873  -4.931  -4.871
  -4.926  -4.864  -4.915  -4.846  -4.897  -4.819  -4.855  -4.755  -4.791
  -4.658  -4.536  -4.295  -3.661  -3.233  -1.558  -0.880   1.644   2.743
   4.528   6.150  -3.311  -3.054  -3.310  -3.054  -3.310  -3.053  -3.307
  -3.051  -3.299  -3.043  -3.286  -3.031  -3.254  -3.001  -3.206  -2.951
  -3.022  -2.735  -2.389  -1.976  -0.975  -0.288   1.674   2.774   4.529
   6.151  -0.571  -0.329  -0.570  -0.329  -0.570  -0.329  -0.568  -0.326
  -0.562  -0.320  -0.553  -0.310  -0.531  -0.286  -0.500  -0.251  -0.415
  -0.143  -0.174   0.189   0.470   1.119   1.961   3.063   4.538   6.159
   2.430   3.142   2.430   3.142   2.431   3.142   2.431   3.142   2.431
   3.143   2.432   3.144   2.433   3.146   2.435   3.150   2.441   3.160
   2.460   3.194   2.545   3.348   3.069   4.198   4.620   6.243   4.502
   5.689   4.502   5.689   4.502   5.689   4.502   5.689   4.502   5.689
   4.502   5.689   4.503   5.689   4.503   5.690   4.504   5.691   4.506
   5.696   4.520   5.720   4.650   5.943   5.227   6.863
      co57 ni57                            ecr      -3.26420E+00
 -99.698 -99.999 -99.698 -99.999 -88.234 -89.506 -45.684 -46.642 -27.506
 -28.206 -20.984 -21.514 -15.722 -16.052 -12.875 -13.050  -9.538  -9.503
  -6.214  -5.949  -3.030  -2.377   0.374   1.490   3.150   4.770 -99.698
 -99.999 -99.698 -99.999 -89.234 -90.506 -46.684 -47.642 -27.920 -28.619
 -21.005 -21.535 -15.723 -16.053 -12.875 -13.050  -9.538  -9.503  -6.214
  -5.949  -3.030  -2.377   0.374   1.490   3.150   4.770 -99.698 -99.999
 -99.698 -99.999 -90.240 -91.512 -47.686 -48.644 -28.868 -29.567 -21.212
 -21.741 -15.738 -16.067 -12.878 -13.053  -9.538  -9.503  -6.214  -5.949
  -3.030  -2.377   0.374   1.490   3.150   4.770 -99.698 -99.999 -99.698
 -99.999 -91.295 -92.567 -48.702 -49.661 -29.871 -30.570 -22.030 -22.560
 -15.876 -16.206 -12.907 -13.081  -9.541  -9.506  -6.214  -5.949  -3.030
  -2.377   0.374   1.490   3.150   4.770 -99.698 -99.999 -99.698 -99.999
 -92.798 -94.070 -49.867 -50.820 -30.915 -31.609 -23.034 -23.559 -16.570
 -16.890 -13.153 -13.323  -9.571  -9.538  -6.218  -5.954  -3.031  -2.378
   0.374   1.490   3.150   4.770 -99.698 -99.999 -99.698 -99.999 -96.931
 -98.168 -51.969 -52.889 -32.268 -32.961 -24.119 -24.621 -17.395 -17.673
 -13.751 -13.892  -9.767  -9.751  -6.254  -6.005  -3.037  -2.386   0.374
   1.490   3.150   4.770 -99.698 -99.999 -99.698 -99.999 -99.698 -99.999
 -57.435 -58.330 -34.972 -35.613 -25.744 -26.235 -18.278 -18.562 -14.316
 -14.474 -10.112 -10.145  -6.466  -6.317  -3.107  -2.466   0.371   1.487
   3.150   4.770 -99.698 -99.999 -99.698 -99.999 -99.698 -99.999 -70.894
 -71.883 -42.039 -42.753 -30.284 -30.842 -20.972 -21.377 -16.217 -16.518
 -11.316 -11.472  -7.158  -7.127  -3.572  -3.036   0.341   1.456   3.149
   4.769 -99.698 -99.999 -99.698 -99.999 -99.698 -99.999 -99.698 -99.999
 -61.151 -61.910 -43.563 -44.172 -29.722 -30.163 -22.694 -23.021 -15.513
 -15.688  -9.545  -9.538  -4.790  -4.419   0.052   1.164   3.140   4.760
 -99.698 -99.999 -99.698 -99.999 -99.698 -99.999 -99.698 -99.999 -99.698
 -99.999 -73.334 -73.943 -49.526 -49.969 -37.518 -37.846 -25.359 -25.532
 -15.407 -15.396  -7.697  -7.368  -1.139  -0.037   3.058   4.677 -99.698
 -99.999 -99.698 -99.999 -99.698 -99.999 -99.698 -99.999 -99.698 -99.999
 -99.698 -99.999 -92.524 -92.962 -69.750 -70.073 -46.826 -46.990 -28.260
 -28.232 -14.092 -13.752  -3.448  -2.356   2.426   4.042
      co58 fe58                            ecr       2.30740E+00
  -7.781  -8.328  -7.836  -8.395  -7.988  -8.549  -8.144  -8.698  -8.177
  -8.705  -8.124  -8.504  -7.698  -7.678  -7.071  -6.929  -6.013  -5.780
  -4.489  -4.109  -2.033  -1.450   1.423   2.481   4.399   6.013  -7.746
  -8.170  -7.823  -8.332  -7.979  -8.502  -8.138  -8.664  -8.173  -8.685
  -8.122  -8.496  -7.697  -7.677  -7.071  -6.929  -6.013  -5.780  -4.489
  -4.109  -2.033  -1.450   1.423   2.481   4.399   6.013  -7.554  -7.667
  -7.718  -7.967  -7.898  -8.198  -8.076  -8.420  -8.124  -8.490  -8.094
  -8.409  -7.688  -7.665  -7.069  -6.927  -6.013  -5.779  -4.489  -4.109
  -2.033  -1.450   1.423   2.481   4.399   6.013  -7.122  -7.035  -7.257
  -7.190  -7.480  -7.435  -7.713  -7.700  -7.805  -7.822  -7.814  -7.842
  -7.595  -7.543  -7.044  -6.900  -6.009  -5.775  -4.489  -4.108  -2.033
  -1.449   1.423   2.481   4.399   6.013  -6.501  -6.342  -6.558  -6.400
  -6.726  -6.570  -6.928  -6.781  -7.024  -6.887  -7.040  -6.907  -6.998
  -6.865  -6.803  -6.649  -5.971  -5.738  -4.483  -4.102  -2.032  -1.449
   1.423   2.481   4.399   6.013  -5.690  -5.498  -5.740  -5.549  -5.884
  -5.699  -6.035  -5.863  -6.082  -5.921  -6.072  -5.915  -6.021  -5.865
  -5.943  -5.774  -5.621  -5.389  -4.424  -4.042  -2.023  -1.440   1.423
   2.481   4.399   6.013  -4.552  -4.334  -4.597  -4.383  -4.725  -4.525
  -4.853  -4.674  -4.893  -4.723  -4.886  -4.715  -4.848  -4.670  -4.789
  -4.599  -4.594  -4.358  -3.922  -3.539  -1.940  -1.356   1.427   2.484
   4.399   6.013  -2.989  -2.680  -3.017  -2.718  -3.091  -2.824  -3.160
  -2.926  -3.181  -2.959  -3.179  -2.957  -3.161  -2.934  -3.131  -2.896
  -3.023  -2.762  -2.602  -2.243  -1.312  -0.731   1.458   2.516   4.400
   6.014  -0.659  -0.316  -0.662  -0.325  -0.669  -0.345  -0.668  -0.356
  -0.661  -0.353  -0.654  -0.346  -0.641  -0.333  -0.625  -0.314  -0.570
  -0.250  -0.383  -0.016   0.213   0.789   1.750   2.809   4.408   6.022
   2.327   3.031   2.328   3.033   2.329   3.034   2.324   3.029   2.317
   3.022   2.312   3.017   2.307   3.012   2.303   3.008   2.300   3.007
   2.309   3.028   2.382   3.159   2.883   3.971   4.491   6.106   4.414
   5.598   4.415   5.599   4.415   5.599   4.411   5.594   4.405   5.589
   4.402   5.585   4.399   5.581   4.397   5.579   4.395   5.576   4.395
   5.576   4.403   5.593   4.508   5.778   5.100   6.728
      co58 ni58                            ecr       3.81000E-01
 -99.698 -99.999 -57.381 -57.437 -31.092 -31.148 -18.062 -18.121 -12.504
 -12.581 -10.321 -10.385  -8.580  -8.613  -7.554  -7.511  -6.110  -5.939
  -4.489  -4.202  -2.567  -1.987   0.529   1.614   3.393   4.998 -99.698
 -99.999 -57.381 -57.437 -31.092 -31.148 -18.065 -18.121 -12.522 -12.587
 -10.322 -10.385  -8.580  -8.613  -7.554  -7.511  -6.110  -5.939  -4.489
  -4.202  -2.567  -1.987   0.529   1.614   3.393   4.998 -99.698 -99.999
 -57.381 -57.438 -31.092 -31.149 -18.065 -18.122 -12.534 -12.591 -10.328
 -10.388  -8.580  -8.614  -7.554  -7.511  -6.110  -5.939  -4.489  -4.202
  -2.567  -1.987   0.529   1.614   3.393   4.998 -99.698 -99.999 -57.383
 -57.441 -31.093 -31.151 -18.066 -18.123 -12.535 -12.592 -10.337 -10.393
  -8.584  -8.617  -7.555  -7.513  -6.110  -5.939  -4.489  -4.202  -2.567
  -1.987   0.529   1.614   3.393   4.998 -99.698 -99.999 -57.394 -57.459
 -31.105 -31.169 -18.076 -18.139 -12.543 -12.605 -10.345 -10.403  -8.597
  -8.629  -7.564  -7.523  -6.113  -5.943  -4.490  -4.204  -2.567  -1.988
   0.529   1.613   3.393   4.998 -99.698 -99.999 -57.456 -57.556 -31.167
 -31.266 -18.138 -18.236 -12.603 -12.696 -10.400 -10.486  -8.643  -8.692
  -7.601  -7.567  -6.134  -5.971  -4.500  -4.221  -2.572  -1.994   0.529
   1.613   3.393   4.998 -99.698 -99.999 -57.883 -58.175 -31.593 -31.883
 -18.560 -18.844 -13.015 -13.283 -10.793 -11.037  -8.968  -9.117  -7.824
  -7.838  -6.246  -6.114  -4.570  -4.329  -2.618  -2.058   0.526   1.610
   3.393   4.998 -99.698 -99.999 -88.068 -89.660 -48.133 -49.401 -27.487
 -28.318 -18.154 -18.789 -14.238 -14.708 -10.886 -11.134  -9.004  -9.133
  -6.923  -6.919  -4.961  -4.807  -2.906  -2.474   0.494   1.579   3.392
   4.997 -99.698 -99.999 -99.698 -99.999 -99.698 -99.999 -59.431 -60.422
 -35.694 -36.446 -26.051 -26.652 -18.409 -18.835 -14.492 -14.796 -10.442
 -10.584  -6.962  -6.922  -3.877  -3.596   0.205   1.286   3.384   4.989
 -99.698 -99.999 -99.698 -99.999 -99.698 -99.999 -99.698 -99.999 -78.255
 -79.008 -55.787 -56.390 -38.174 -38.610 -29.282 -29.601 -20.269 -20.429
 -12.829 -12.804  -6.776  -6.516  -0.984   0.085   3.301   4.905 -99.698
 -99.999 -99.698 -99.999 -99.698 -99.999 -99.698 -99.999 -99.698 -99.999
 -99.698 -99.999 -81.204 -81.638 -61.550 -61.867 -41.777 -41.935 -25.734
 -25.706 -13.234 -12.962  -3.296  -2.235   2.668   4.270
      co59 fe59                            ecr      -1.56520E+00
 -99.698 -99.999 -92.383 -93.960 -52.473 -53.740 -32.268 -33.218 -22.763
 -23.449 -17.766 -18.281 -13.537 -13.849 -11.168 -11.328  -8.416  -8.356
  -5.620  -5.290  -2.458  -1.827   1.321   2.412   4.359   5.978 -99.698
 -99.999 -91.381 -92.958 -51.472 -52.739 -31.268 -32.217 -22.350 -23.035
 -17.745 -18.259 -13.535 -13.847 -11.168 -11.327  -8.416  -8.356  -5.620
  -5.290  -2.458  -1.827   1.321   2.412   4.359   5.978 -99.698 -99.999
 -90.365 -91.942 -50.467 -51.734 -30.266 -31.216 -21.401 -22.087 -17.539
 -18.053 -13.521 -13.833 -11.165 -11.324  -8.416  -8.356  -5.620  -5.290
  -2.458  -1.827   1.321   2.412   4.359   5.978 -99.698 -99.999 -89.204
 -90.781 -49.412 -50.679 -29.249 -30.198 -20.395 -21.081 -16.717 -17.232
 -13.379 -13.691 -11.133 -11.293  -8.410  -8.351  -5.619  -5.289  -2.457
  -1.827   1.321   2.412   4.359   5.978 -99.698 -99.999 -86.856 -88.433
 -47.909 -49.176 -28.078 -29.027 -19.330 -20.015 -15.686 -16.201 -12.646
 -12.959 -10.845 -11.006  -8.358  -8.298  -5.611  -5.281  -2.457  -1.826
   1.321   2.412   4.359   5.978 -99.698 -99.999 -78.736 -80.312 -43.787
 -45.043 -25.837 -26.774 -17.799 -18.476 -14.396 -14.905 -11.520 -11.831
  -9.889 -10.049  -7.925  -7.864  -5.534  -5.203  -2.448  -1.818   1.321
   2.412   4.359   5.978 -99.698 -99.999 -62.968 -63.688 -35.250 -35.955
 -21.295 -21.924 -14.953 -15.427 -12.166 -12.545  -9.779 -10.038  -8.417
  -8.562  -6.764  -6.704  -4.957  -4.624  -2.365  -1.733   1.325   2.415
   4.359   5.978 -64.032 -66.619 -14.690 -16.275 -11.209 -12.490  -9.013
  -9.986  -7.725  -8.444  -7.030  -7.581  -6.284  -6.610  -5.712  -5.859
  -4.810  -4.742  -3.589  -3.265  -1.748  -1.115   1.356   2.446   4.360
   5.979  -2.068  -1.873  -2.068  -1.873  -2.068  -1.872  -2.065  -1.870
  -2.058  -1.862  -2.047  -1.851  -2.017  -1.820  -1.967  -1.767  -1.784
  -1.555  -1.278  -0.948  -0.257   0.346   1.644   2.737   4.368   5.988
   1.929   2.523   1.929   2.523   1.930   2.524   1.930   2.524   1.930
   2.525   1.931   2.527   1.933   2.530   1.936   2.536   1.945   2.552
   1.971   2.602   2.086   2.808   2.767   3.878   4.450   6.071   4.247
   5.393   4.247   5.393   4.247   5.393   4.247   5.393   4.247   5.393
   4.247   5.393   4.247   5.393   4.248   5.394   4.248   5.394   4.247
   5.396   4.256   5.416   4.405   5.672   5.059   6.692
      co59 ni59                            ecr      -1.07250E+00
 -99.698 -99.999 -66.842 -68.546 -39.090 -40.526 -22.640 -23.574 -14.477
 -15.161 -11.932 -12.447  -9.767 -10.078  -8.497  -8.649  -6.776  -6.686
  -4.497  -4.201  -2.194  -1.611   0.598   1.728   3.294   4.917 -99.698
 -99.999 -66.844 -68.548 -39.092 -40.527 -23.392 -24.269 -14.886 -15.571
 -11.954 -12.469  -9.769 -10.079  -8.498  -8.649  -6.776  -6.686  -4.497
  -4.201  -2.194  -1.611   0.598   1.728   3.294   4.917 -99.698 -99.999
 -66.869 -68.576 -39.102 -40.535 -23.665 -24.490 -15.787 -16.482 -12.157
 -12.673  -9.783 -10.094  -8.501  -8.652  -6.777  -6.686  -4.497  -4.201
  -2.194  -1.611   0.598   1.728   3.294   4.917 -99.698 -99.999 -67.110
 -68.844 -39.202 -40.606 -23.721 -24.539 -16.486 -17.229 -12.938 -13.471
  -9.921 -10.232  -8.530  -8.680  -6.780  -6.689  -4.497  -4.201  -2.194
  -1.611   0.598   1.728   3.294   4.917 -99.698 -99.999 -69.026 -70.821
 -39.910 -41.056 -23.879 -24.725 -16.791 -17.589 -13.693 -14.321 -10.604
 -10.918  -8.785  -8.930  -6.809  -6.717  -4.499  -4.203  -2.195  -1.611
   0.598   1.728   3.294   4.917 -99.698 -99.999 -75.577 -77.146 -42.242
 -43.526 -25.152 -26.174 -17.576 -18.454 -14.412 -15.146 -11.415 -11.711
  -9.433  -9.541  -6.997  -6.899  -4.515  -4.227  -2.198  -1.617   0.598
   1.728   3.294   4.917 -99.698 -99.999 -99.698 -99.999 -54.652 -55.966
 -31.334 -32.389 -21.014 -21.752 -16.365 -16.776 -12.271 -12.509  -9.984
 -10.089  -7.276  -7.186  -4.613  -4.363  -2.236  -1.676   0.595   1.725
   3.293   4.917 -99.698 -99.999 -99.698 -99.999 -83.453 -84.745 -44.646
 -45.629 -27.594 -28.279 -20.481 -20.981 -14.643 -14.939 -11.492 -11.640
  -8.050  -8.035  -5.005  -4.833  -2.480  -2.052   0.565   1.694   3.293
   4.916 -99.698 -99.999 -99.698 -99.999 -99.698 -99.999 -76.931 -77.922
 -45.201 -45.952 -32.328 -32.925 -22.124 -22.550 -16.889 -17.195 -11.479
 -11.623  -6.945  -6.902  -3.398  -3.117   0.282   1.404   3.284   4.908
 -99.698 -99.999 -99.698 -99.999 -99.698 -99.999 -99.698 -99.999 -87.771
 -88.524 -62.077 -62.680 -41.906 -42.340 -31.690 -32.007 -21.306 -21.464
 -12.802 -12.774  -6.284  -6.024  -0.889   0.209   3.202   4.825 -99.698
 -99.999 -99.698 -99.999 -99.698 -99.999 -99.698 -99.999 -99.698 -99.999
 -99.698 -99.999 -84.921 -85.354 -63.944 -64.261 -42.800 -42.956 -25.690
 -25.655 -12.720 -12.442  -3.182  -2.104   2.570   4.190
      co60 fe60                            ecr      -2.37000E-01
 -99.698 -99.999 -32.650 -34.225 -26.210 -27.473 -20.697 -20.961 -16.149
 -16.372 -13.253 -13.432 -10.762 -10.848  -9.301  -9.280  -7.487  -7.298
  -5.401  -5.011  -2.540  -1.898   1.236   2.338   4.268   5.893 -99.698
 -99.999 -31.648 -33.224 -25.210 -26.473 -19.697 -19.961 -15.737 -15.959
 -13.232 -13.410 -10.761 -10.846  -9.300  -9.280  -7.486  -7.298  -5.401
  -5.011  -2.540  -1.898   1.236   2.338   4.268   5.893 -99.698 -99.999
 -30.632 -32.207 -24.204 -25.467 -18.697 -18.961 -14.790 -15.011 -13.027
 -13.205 -10.746 -10.832  -9.297  -9.277  -7.486  -7.298  -5.401  -5.011
  -2.540  -1.898   1.236   2.338   4.268   5.893 -99.698 -99.999 -29.472
 -31.047 -23.149 -24.412 -17.702 -17.964 -13.791 -14.012 -12.209 -12.386
 -10.606 -10.691  -9.267  -9.246  -7.481  -7.293  -5.400  -5.010  -2.540
  -1.898   1.236   2.338   4.268   5.893 -99.698 -99.999 -27.123 -28.698
 -21.646 -22.910 -16.732 -16.986 -12.798 -13.012 -11.212 -11.384  -9.886
  -9.968  -8.985  -8.962  -7.429  -7.241  -5.392  -5.003  -2.539  -1.897
   1.236   2.338   4.268   5.893 -46.210 -47.769 -19.444 -20.841 -17.641
 -18.829 -15.671 -15.931 -11.790 -11.952 -10.182 -10.319  -8.855  -8.921
  -8.070  -8.039  -7.007  -6.814  -5.315  -4.925  -2.531  -1.889   1.236
   2.338   4.268   5.893 -42.320 -42.697 -15.743 -16.120 -14.269 -14.642
 -13.047 -13.608 -10.125 -10.387  -8.697  -8.833  -7.495  -7.536  -6.813
  -6.763  -5.930  -5.721  -4.751  -4.351  -2.448  -1.805   1.239   2.341
   4.268   5.893 -35.845 -35.983  -9.270  -9.407  -7.799  -7.935  -7.073
  -7.201  -6.588  -6.657  -6.059  -6.038  -5.376  -5.271  -4.946  -4.785
  -4.362  -4.099  -3.477  -3.061  -1.834  -1.188   1.270   2.372   4.269
   5.894  -2.160  -2.121  -2.160  -2.121  -2.162  -2.123  -2.173  -2.131
  -2.173  -2.122  -2.143  -2.069  -2.051  -1.921  -1.944  -1.762  -1.738
  -1.482  -1.331  -0.961  -0.365   0.255   1.557   2.662   4.277   5.902
   1.780   2.375   1.780   2.375   1.779   2.374   1.774   2.369   1.770
   2.364   1.772   2.366   1.780   2.377   1.790   2.390   1.808   2.416
   1.843   2.474   1.966   2.687   2.672   3.796   4.360   5.985   4.111
   5.255   4.111   5.255   4.110   5.254   4.107   5.250   4.103   5.246
   4.104   5.247   4.109   5.253   4.115   5.259   4.123   5.268   4.131
   5.278   4.145   5.303   4.300   5.572   4.967   6.605
      co60 ni60                            ecr       2.82390E+00
  -8.371  -9.025  -8.247  -8.653  -7.338  -7.412  -6.638  -6.684  -6.044
  -6.042  -5.393  -5.277  -4.485  -4.246  -3.909  -3.629  -3.262  -2.947
  -2.595  -2.226  -1.561  -1.007   0.819   1.913   3.552   5.162  -8.372
  -9.026  -8.247  -8.653  -7.338  -7.412  -6.638  -6.684  -6.044  -6.042
  -5.393  -5.277  -4.485  -4.246  -3.909  -3.629  -3.262  -2.947  -2.595
  -2.226  -1.561  -1.007   0.819   1.913   3.552   5.162  -8.378  -9.034
  -8.249  -8.655  -7.338  -7.413  -6.638  -6.684  -6.044  -6.042  -5.393
  -5.277  -4.485  -4.246  -3.909  -3.629  -3.262  -2.947  -2.595  -2.227
  -1.561  -1.007   0.819   1.913   3.552   5.162  -8.406  -9.074  -8.267
  -8.670  -7.341  -7.415  -6.639  -6.686  -6.045  -6.043  -5.393  -5.278
  -4.485  -4.246  -3.909  -3.629  -3.262  -2.947  -2.595  -2.227  -1.561
  -1.007   0.819   1.913   3.552   5.162  -8.544  -9.269  -8.370  -8.752
  -7.362  -7.436  -6.651  -6.701  -6.052  -6.053  -5.397  -5.283  -4.487
  -4.248  -3.911  -3.630  -3.262  -2.948  -2.595  -2.227  -1.561  -1.007
   0.819   1.913   3.552   5.162  -9.596 -10.714  -8.838  -8.995  -7.453
  -7.533  -6.719  -6.791  -6.105  -6.123  -5.430  -5.322  -4.502  -4.267
  -3.920  -3.644  -3.269  -2.958  -2.600  -2.235  -1.564  -1.011   0.819
   1.913   3.552   5.162 -35.890 -36.119  -9.310  -9.539  -7.839  -8.066
  -7.094  -7.310  -6.409  -6.522  -5.626  -5.545  -4.603  -4.388  -3.993
  -3.738  -3.320  -3.029  -2.636  -2.289  -1.590  -1.053   0.816   1.910
   3.551   5.162 -99.698 -99.999 -32.047 -33.568 -19.594 -20.662 -12.071
 -12.080  -8.110  -8.046  -6.443  -6.361  -5.104  -5.000  -4.412  -4.285
  -3.662  -3.482  -2.876  -2.601  -1.757  -1.308   0.786   1.879   3.551
   5.161 -99.698 -99.999 -99.698 -99.999 -53.148 -54.437 -29.009 -29.979
 -18.252 -18.940 -13.756 -14.295 -10.131 -10.514  -8.245  -8.514  -6.247
  -6.354  -4.410  -4.319  -2.488  -2.168   0.501   1.588   3.542   5.153
 -99.698 -99.999 -99.698 -99.999 -99.698 -99.999 -99.698 -99.999 -60.486
 -61.238 -43.256 -43.857 -29.733 -30.165 -22.898 -23.212 -15.954 -16.105
 -10.151 -10.111  -5.283  -5.016  -0.664   0.394   3.459   5.069 -99.698
 -99.999 -99.698 -99.999 -99.698 -99.999 -99.698 -99.999 -99.698 -99.999
 -99.698 -99.999 -72.763 -73.194 -55.166 -55.479 -37.463 -37.614 -23.059
 -23.016 -11.749 -11.473  -2.963  -1.921   2.827   4.434
      co61 ni61                            ecr       1.32170E+00
  -3.927  -4.049  -3.927  -4.049  -3.927  -4.049  -3.927  -4.049  -3.927
  -4.049  -3.928  -4.049  -3.925  -4.044  -3.911  -4.008  -3.746  -3.670
  -2.766  -2.383  -1.210  -0.646   0.835   1.967   3.393   5.019  -3.928
  -4.049  -3.928  -4.049  -3.928  -4.049  -3.927  -4.049  -3.927  -4.049
  -3.928  -4.049  -3.926  -4.044  -3.911  -4.008  -3.746  -3.670  -2.766
  -2.383  -1.210  -0.646   0.835   1.967   3.393   5.019  -3.928  -4.051
  -3.928  -4.050  -3.928  -4.050  -3.928  -4.050  -3.928  -4.050  -3.928
  -4.049  -3.926  -4.044  -3.911  -4.009  -3.746  -3.670  -2.766  -2.383
  -1.210  -0.646   0.835   1.967   3.393   5.019  -3.932  -4.056  -3.931
  -4.054  -3.930  -4.053  -3.929  -4.052  -3.929  -4.051  -3.929  -4.051
  -3.927  -4.046  -3.912  -4.011  -3.748  -3.672  -2.766  -2.383  -1.210
  -0.646   0.835   1.967   3.393   5.019  -3.950  -4.080  -3.950  -4.080
  -3.948  -4.078  -3.945  -4.073  -3.941  -4.068  -3.939  -4.064  -3.935
  -4.058  -3.921  -4.029  -3.755  -3.687  -2.768  -2.385  -1.210  -0.647
   0.835   1.967   3.393   5.019  -4.043  -4.208  -4.042  -4.207  -4.041
  -4.206  -4.038  -4.200  -4.029  -4.187  -4.019  -4.171  -4.001  -4.145
  -3.977  -4.107  -3.813  -3.787  -2.782  -2.404  -1.212  -0.651   0.835
   1.967   3.393   5.019  -4.622  -5.031  -4.621  -5.029  -4.619  -5.024
  -4.608  -5.003  -4.581  -4.950  -4.544  -4.881  -4.469  -4.753  -4.378
  -4.605  -4.063  -4.063  -2.862  -2.509  -1.233  -0.685   0.832   1.964
   3.393   5.019 -99.698 -99.999 -43.368 -44.960 -25.300 -26.595 -15.826
 -16.828 -11.426 -12.187  -9.476 -10.071  -7.699  -8.043  -6.552  -6.697
  -4.980  -4.883  -3.127  -2.820  -1.370  -0.900   0.803   1.933   3.392
   5.018 -99.698 -99.999 -99.698 -99.999 -90.494 -91.781 -47.348 -48.328
 -28.428 -29.147 -20.623 -21.165 -14.309 -14.654 -10.994 -11.210  -7.485
  -7.538  -4.452  -4.322  -2.028  -1.690   0.531   1.646   3.384   5.010
 -99.698 -99.999 -99.698 -99.999 -99.698 -99.999 -99.698 -99.999 -70.281
 -71.031 -49.706 -50.305 -33.528 -33.957 -25.325 -25.635 -16.967 -17.115
 -10.083 -10.036  -4.787  -4.514  -0.586   0.466   3.301   4.926 -99.698
 -99.999 -99.698 -99.999 -99.698 -99.999 -99.698 -99.999 -99.698 -99.999
 -99.698 -99.999 -76.553 -76.981 -57.587 -57.896 -38.470 -38.615 -22.983
 -22.933 -11.246 -10.962  -2.855  -1.835   2.670   4.292
      co62 ni62                            ecr       5.31500E+00
  -2.060  -1.747  -2.122  -1.812  -2.250  -1.945  -2.357  -2.057  -2.389
  -2.086  -2.331  -1.995  -2.075  -1.660  -1.825  -1.373  -1.514  -1.038
  -1.219  -0.724  -0.749  -0.167   1.165   2.238   3.894   5.500  -2.060
  -1.747  -2.122  -1.812  -2.250  -1.945  -2.357  -2.057  -2.389  -2.086
  -2.331  -1.995  -2.075  -1.660  -1.825  -1.373  -1.514  -1.038  -1.219
  -0.724  -0.749  -0.167   1.165   2.238   3.894   5.500  -2.060  -1.748
  -2.122  -1.812  -2.250  -1.945  -2.357  -2.057  -2.389  -2.086  -2.331
  -1.995  -2.075  -1.660  -1.825  -1.373  -1.514  -1.038  -1.219  -0.724
  -0.749  -0.167   1.165   2.238   3.894   5.500  -2.061  -1.748  -2.123
  -1.812  -2.250  -1.945  -2.357  -2.058  -2.389  -2.087  -2.331  -1.995
  -2.075  -1.660  -1.826  -1.373  -1.514  -1.038  -1.219  -0.724  -0.749
  -0.167   1.165   2.238   3.894   5.500  -2.062  -1.751  -2.125  -1.815
  -2.252  -1.948  -2.359  -2.060  -2.391  -2.089  -2.332  -1.996  -2.075
  -1.660  -1.826  -1.373  -1.514  -1.039  -1.220  -0.724  -0.750  -0.167
   1.165   2.238   3.894   5.500  -2.073  -1.766  -2.135  -1.830  -2.264
  -1.964  -2.371  -2.077  -2.403  -2.104  -2.342  -2.009  -2.082  -1.668
  -1.830  -1.379  -1.517  -1.042  -1.221  -0.727  -0.751  -0.169   1.164
   2.238   3.894   5.500  -2.137  -1.854  -2.200  -1.919  -2.332  -2.055
  -2.443  -2.171  -2.474  -2.197  -2.405  -2.088  -2.123  -1.719  -1.860
  -1.418  -1.539  -1.074  -1.238  -0.752  -0.766  -0.193   1.161   2.235
   3.894   5.500  -2.521  -2.363  -2.588  -2.431  -2.729  -2.575  -2.849
  -2.696  -2.873  -2.705  -2.746  -2.500  -2.349  -1.997  -2.038  -1.654
  -1.687  -1.280  -1.359  -0.921  -0.865  -0.342   1.131   2.204   3.893
   5.500 -99.698 -99.999 -26.946 -27.018 -14.353 -14.425  -8.150  -8.220
  -5.528  -5.591  -4.486  -4.538  -3.669  -3.697  -3.244  -3.242  -2.771
  -2.697  -2.227  -2.019  -1.376  -0.975   0.848   1.913   3.885   5.491
 -99.698 -99.999 -99.698 -99.999 -99.698 -99.999 -71.800 -72.790 -42.618
 -43.367 -30.790 -31.388 -21.440 -21.867 -16.666 -16.975 -11.753 -11.897
  -7.564  -7.510  -3.969  -3.679  -0.306   0.722   3.802   5.407 -99.698
 -99.999 -99.698 -99.999 -99.698 -99.999 -99.698 -99.999 -99.698 -99.999
 -95.351 -95.948 -64.474 -64.901 -48.939 -49.246 -33.266 -33.410 -20.476
 -20.421 -10.446 -10.154  -2.607  -1.594   3.169   4.772
      ni56 co56                            ecr       2.13500E+00
  -8.684  -9.066  -9.164  -9.537  -9.291  -9.652  -9.387  -9.722  -8.777
  -9.063  -7.439  -7.669  -6.184  -6.318  -5.406  -5.452  -4.316  -4.222
  -2.715  -2.386  -0.609   0.072   2.015   3.117   4.728   6.356  -7.705
  -8.086  -8.165  -8.537  -8.291  -8.653  -8.387  -8.722  -8.364  -8.650
  -7.418  -7.648  -6.182  -6.317  -5.406  -5.452  -4.316  -4.222  -2.715
  -2.386  -0.609   0.072   2.015   3.117   4.728   6.356  -6.834  -7.214
  -7.171  -7.543  -7.293  -7.654  -7.388  -7.722  -7.417  -7.702  -7.212
  -7.442  -6.168  -6.302  -5.403  -5.449  -4.315  -4.222  -2.715  -2.386
  -0.609   0.072   2.015   3.117   4.728   6.356  -6.118  -6.494  -6.220
  -6.590  -6.310  -6.670  -6.392  -6.725  -6.418  -6.703  -6.393  -6.623
  -6.027  -6.161  -5.372  -5.417  -4.310  -4.216  -2.714  -2.385  -0.609
   0.072   2.015   3.117   4.728   6.356  -5.384  -5.737  -5.388  -5.738
  -5.399  -5.743  -5.421  -5.742  -5.423  -5.699  -5.395  -5.619  -5.305
  -5.436  -5.087  -5.132  -4.258  -4.165  -2.707  -2.379  -0.608   0.073
   2.015   3.117   4.728   6.356  -4.448  -4.708  -4.447  -4.706  -4.444
  -4.699  -4.432  -4.676  -4.403  -4.617  -4.363  -4.539  -4.278  -4.380
  -4.170  -4.199  -3.831  -3.736  -2.635  -2.310  -0.601   0.081   2.016
   3.118   4.728   6.356  -3.134  -3.168  -3.134  -3.167  -3.132  -3.165
  -3.127  -3.156  -3.113  -3.132  -3.091  -3.097  -3.039  -3.014  -2.964
  -2.905  -2.727  -2.602  -2.078  -1.766  -0.528   0.158   2.019   3.121
   4.728   6.356  -1.311  -1.171  -1.311  -1.171  -1.310  -1.170  -1.305
  -1.165  -1.293  -1.153  -1.275  -1.134  -1.232  -1.088  -1.177  -1.024
  -1.039  -0.851  -0.718  -0.396   0.045   0.746   2.049   3.152   4.729
   6.356   1.069   1.518   1.069   1.518   1.069   1.518   1.070   1.519
   1.071   1.521   1.073   1.525   1.078   1.533   1.085   1.545   1.104
   1.578   1.159   1.678   1.387   2.114   2.335   3.442   4.737   6.365
   3.035   3.906   3.034   3.906   3.034   3.906   3.034   3.906   3.035
   3.907   3.035   3.907   3.036   3.908   3.037   3.910   3.040   3.916
   3.048   3.931   3.084   4.013   3.420   4.569   4.819   6.448   4.825
   6.078   4.825   6.078   4.825   6.078   4.825   6.078   4.825   6.078
   4.825   6.078   4.826   6.078   4.826   6.079   4.826   6.080   4.827
   6.082   4.831   6.093   4.926   6.254   5.424   7.068
      ni57 co57                            ecr       3.26420E+00
  -5.642  -5.962  -5.643  -5.964  -5.643  -5.965  -5.643  -5.965  -5.641
  -5.962  -5.617  -5.880  -5.325  -5.278  -4.867  -4.676  -4.135  -3.847
  -2.887  -2.473  -0.826  -0.169   1.963   3.062   4.710   6.336  -5.634
  -5.936  -5.640  -5.955  -5.641  -5.958  -5.641  -5.960  -5.641  -5.959
  -5.616  -5.878  -5.325  -5.278  -4.866  -4.676  -4.135  -3.847  -2.887
  -2.473  -0.826  -0.169   1.963   3.062   4.710   6.336  -5.583  -5.782
  -5.615  -5.873  -5.622  -5.896  -5.628  -5.912  -5.629  -5.919  -5.610
  -5.857  -5.323  -5.274  -4.865  -4.675  -4.135  -3.847  -2.887  -2.473
  -0.826  -0.169   1.963   3.062   4.710   6.336  -5.398  -5.397  -5.442
  -5.474  -5.478  -5.540  -5.510  -5.605  -5.529  -5.643  -5.523  -5.629
  -5.293  -5.225  -4.855  -4.662  -4.131  -3.844  -2.886  -2.472  -0.826
  -0.169   1.963   3.062   4.710   6.336  -4.959  -4.796  -4.965  -4.803
  -4.980  -4.820  -5.017  -4.861  -5.053  -4.899  -5.067  -4.908  -4.991
  -4.808  -4.738  -4.518  -4.102  -3.810  -2.880  -2.466  -0.825  -0.168
   1.963   3.062   4.710   6.336  -4.226  -3.988  -4.226  -3.988  -4.225
  -3.987  -4.224  -3.984  -4.222  -3.977  -4.217  -3.965  -4.183  -3.916
  -4.102  -3.815  -3.811  -3.491  -2.818  -2.406  -0.818  -0.161   1.963
   3.063   4.710   6.336  -3.180  -2.879  -3.180  -2.878  -3.179  -2.877
  -3.177  -2.874  -3.170  -2.866  -3.159  -2.852  -3.126  -2.812  -3.066
  -2.740  -2.869  -2.521  -2.307  -1.908  -0.746  -0.086   1.966   3.066
   4.710   6.336  -1.641  -1.331  -1.641  -1.330  -1.640  -1.330  -1.637
  -1.327  -1.627  -1.320  -1.613  -1.309  -1.575  -1.277  -1.518  -1.221
  -1.362  -1.052  -1.004  -0.624  -0.173   0.493   1.997   3.097   4.711
   6.337   0.856   1.256   0.856   1.256   0.856   1.256   0.857   1.257
   0.858   1.260   0.861   1.265   0.867   1.275   0.874   1.289   0.893
   1.327   0.952   1.440   1.218   1.900   2.283   3.387   4.720   6.345
   2.953   3.796   2.953   3.796   2.953   3.796   2.953   3.796   2.953
   3.797   2.953   3.797   2.954   3.798   2.954   3.799   2.953   3.800
   2.952   3.808   2.995   3.894   3.374   4.517   4.802   6.428   4.790
   6.030   4.790   6.030   4.790   6.030   4.790   6.030   4.790   6.030
   4.790   6.030   4.790   6.030   4.789   6.029   4.786   6.026   4.779
   6.020   4.782   6.031   4.894   6.216   5.407   7.048
      ni58 co58                            ecr      -3.81000E-01
 -99.698 -99.999 -82.571 -82.606 -46.070 -46.100 -27.851 -27.888 -19.384
 -19.434 -14.893 -14.951 -11.169 -11.213  -9.133  -9.138  -6.751  -6.650
  -4.181  -3.866  -1.398  -0.746   1.761   2.868   4.587   6.212 -99.698
 -99.999 -81.572 -81.607 -45.070 -45.100 -26.852 -26.888 -18.972 -19.022
 -14.871 -14.929 -11.168 -11.212  -9.133  -9.138  -6.751  -6.650  -4.181
  -3.866  -1.398  -0.746   1.761   2.868   4.587   6.212 -99.698 -99.999
 -80.577 -80.613 -44.072 -44.102 -25.852 -25.888 -18.027 -18.075 -14.668
 -14.725 -11.154 -11.198  -9.130  -9.135  -6.750  -6.650  -4.181  -3.865
  -1.398  -0.746   1.761   2.868   4.587   6.212 -99.698 -99.999 -79.617
 -79.664 -43.087 -43.120 -24.855 -24.893 -17.028 -17.077 -13.853 -13.908
 -11.016 -11.058  -9.099  -9.104  -6.746  -6.645  -4.181  -3.865  -1.398
  -0.746   1.761   2.868   4.587   6.212 -99.698 -99.999 -78.278 -78.815
 -42.130 -42.215 -23.873 -23.926 -16.027 -16.083 -12.852 -12.910 -10.298
 -10.338  -8.820  -8.823  -6.695  -6.594  -4.174  -3.858  -1.397  -0.746
   1.761   2.868   4.587   6.212 -99.698 -99.999 -70.226 -71.810 -38.707
 -39.967 -22.392 -22.860 -14.886 -15.046 -11.762 -11.863  -9.245  -9.297
  -7.894  -7.899  -6.271  -6.170  -4.101  -3.787  -1.389  -0.738   1.761
   2.868   4.587   6.212 -99.698 -99.999 -45.179 -46.763 -26.163 -27.442
 -16.204 -17.175 -11.592 -12.298  -9.545 -10.008  -7.669  -7.841  -6.535
  -6.575  -5.134  -5.038  -3.539  -3.234  -1.313  -0.658   1.764   2.871
   4.588   6.212  -4.273  -4.685  -4.272  -4.683  -4.268  -4.675  -4.252
  -4.643  -4.209  -4.564  -4.144  -4.454  -3.985  -4.214  -3.758  -3.893
  -3.158  -3.107  -2.130  -1.851  -0.719  -0.062   1.795   2.902   4.588
   6.213  -0.054   0.125  -0.054   0.126  -0.053   0.126  -0.052   0.129
  -0.048   0.136  -0.041   0.146  -0.025   0.172  -0.003   0.207   0.058
   0.305   0.237   0.587   0.737   1.374   2.082   3.191   4.597   6.222
   2.607   3.364   2.607   3.364   2.607   3.364   2.607   3.365   2.608
   3.365   2.608   3.366   2.609   3.368   2.611   3.371   2.616   3.380
   2.639   3.415   2.715   3.550   3.180   4.320   4.679   6.305   4.588
   5.793   4.588   5.793   4.588   5.793   4.588   5.793   4.588   5.793
   4.588   5.793   4.588   5.793   4.588   5.794   4.590   5.796   4.598
   5.806   4.616   5.833   4.734   6.040   5.285   6.925
      ni59 co59                            ecr       1.07250E+00
 -16.965 -16.937 -15.990 -17.192 -14.690 -15.651 -10.932 -11.578  -9.101
  -9.723  -8.290  -8.595  -7.190  -7.070  -6.362  -6.151  -5.323  -5.043
  -3.955  -3.593  -1.535  -0.948   1.715   2.795   4.587   6.207 -15.988
 -15.958 -14.988 -16.192 -13.828 -15.001 -10.914 -11.490  -9.091  -9.668
  -8.286  -8.580  -7.189  -7.068  -6.361  -6.151  -5.323  -5.043  -3.955
  -3.593  -1.535  -0.948   1.715   2.795   4.587   6.207 -15.118 -15.087
 -13.973 -15.189 -12.839 -14.053 -10.765 -11.039  -8.984  -9.265  -8.231
  -8.434  -7.178  -7.054  -6.358  -6.148  -5.323  -5.042  -3.955  -3.593
  -1.535  -0.948   1.715   2.795   4.587   6.207 -14.408 -14.375 -12.822
 -14.138 -11.791 -13.012 -10.175 -10.172  -8.479  -8.414  -7.790  -7.716
  -7.061  -6.917  -6.329  -6.117  -5.317  -5.037  -3.954  -3.592  -1.535
  -0.948   1.715   2.795   4.587   6.207 -11.061 -12.702 -10.777 -12.215
 -10.386 -11.585  -9.248  -9.223  -7.594  -7.444  -6.909  -6.742  -6.398
  -6.207  -6.056  -5.835  -5.267  -4.986  -3.947  -3.584  -1.534  -0.947
   1.715   2.795   4.587   6.207  -8.312  -9.148  -8.300  -9.129  -8.253
  -9.068  -7.908  -8.197  -6.627  -6.475  -5.935  -5.751  -5.418  -5.206
  -5.171  -4.936  -4.850  -4.563  -3.870  -3.507  -1.526  -0.938   1.716
   2.795   4.587   6.207  -5.362  -5.755  -5.361  -5.752  -5.356  -5.744
  -5.335  -5.697  -5.126  -5.162  -4.733  -4.566  -4.300  -4.054  -4.076
  -3.801  -3.822  -3.509  -3.299  -2.935  -1.442  -0.855   1.719   2.798
   4.587   6.207  -3.115  -3.031  -3.114  -3.030  -3.113  -3.029  -3.109
  -3.023  -3.071  -2.954  -2.963  -2.759  -2.752  -2.453  -2.601  -2.266
  -2.396  -2.043  -1.970  -1.609  -0.817  -0.231   1.749   2.830   4.588
   6.208  -0.035   0.182  -0.035   0.183  -0.035   0.183  -0.033   0.186
  -0.028   0.194  -0.019   0.213   0.002   0.259   0.026   0.307   0.084
   0.400   0.231   0.614   0.687   1.280   2.038   3.121   4.596   6.217
   2.637   3.394   2.637   3.394   2.637   3.394   2.637   3.395   2.637
   3.395   2.636   3.394   2.633   3.391   2.629   3.389   2.626   3.390
   2.634   3.408   2.698   3.523   3.152   4.267   4.679   6.300   4.616
   5.821   4.616   5.821   4.616   5.821   4.616   5.821   4.616   5.821
   4.615   5.820   4.611   5.816   4.607   5.812   4.602   5.808   4.599
   5.806   4.610   5.825   4.725   6.020   5.286   6.921
      ni59 cu59                            ecr      -4.79960E+00
 -99.698 -99.999 -99.698 -99.999 -99.698 -99.999 -63.016 -63.992 -36.590
 -37.318 -26.799 -27.366 -19.065 -19.446 -15.095 -15.342 -10.969 -11.020
  -7.312  -7.107  -3.754  -3.186   0.030   1.145   2.954   4.582 -99.698
 -99.999 -99.698 -99.999 -99.698 -99.999 -64.016 -64.993 -37.004 -37.731
 -26.821 -27.388 -19.067 -19.448 -15.095 -15.343 -10.969 -11.020  -7.312
  -7.107  -3.754  -3.186   0.030   1.145   2.954   4.582 -99.698 -99.999
 -99.698 -99.999 -99.698 -99.999 -65.018 -65.994 -37.952 -38.679 -27.027
 -27.594 -19.081 -19.462 -15.099 -15.346 -10.969 -11.021  -7.313  -7.107
  -3.754  -3.186   0.030   1.145   2.954   4.582 -99.698 -99.999 -99.698
 -99.999 -99.698 -99.999 -66.035 -67.012 -38.958 -39.685 -27.849 -28.416
 -19.223 -19.604 -15.130 -15.377 -10.975 -11.026  -7.313  -7.108  -3.754
  -3.186   0.030   1.145   2.954   4.582 -99.698 -99.999 -99.698 -99.999
 -99.698 -99.999 -67.206 -68.183 -40.024 -40.752 -28.880 -29.446 -19.956
 -20.337 -15.419 -15.665 -11.027 -11.079  -7.321  -7.115  -3.755  -3.187
   0.030   1.145   2.954   4.582 -99.698 -99.999 -99.698 -99.999 -99.698
 -99.999 -69.480 -70.457 -41.572 -42.298 -30.180 -30.745 -21.088 -21.467
 -16.377 -16.622 -11.456 -11.503  -7.389  -7.185  -3.762  -3.195   0.030
   1.145   2.954   4.582 -99.698 -99.999 -99.698 -99.999 -99.698 -99.999
 -75.750 -76.723 -45.202 -45.926 -32.789 -33.353 -22.929 -23.293 -17.837
 -18.054 -12.490 -12.511  -7.829  -7.641  -3.832  -3.274   0.027   1.142
   2.954   4.582 -99.698 -99.999 -99.698 -99.999 -99.698 -99.999 -90.310
 -91.268 -53.173 -53.898 -38.126 -38.674 -26.198 -26.542 -20.094 -20.311
 -13.828 -13.894  -8.614  -8.514  -4.299  -3.827  -0.004   1.111   2.953
   4.581 -99.698 -99.999 -99.698 -99.999 -99.698 -99.999 -99.698 -99.999
 -71.767 -72.518 -50.868 -51.471 -34.479 -34.918 -26.202 -26.527 -17.810
 -17.981 -10.926 -10.917  -5.511  -5.189  -0.291   0.819   2.945   4.573
 -99.698 -99.999 -99.698 -99.999 -99.698 -99.999 -99.698 -99.999 -99.698
 -99.999 -80.703 -81.308 -54.342 -54.779 -41.079 -41.401 -27.702 -27.869
 -16.833 -16.815  -8.444  -8.137  -1.477  -0.380   2.862   4.490 -99.698
 -99.999 -99.698 -99.999 -99.698 -99.999 -99.698 -99.999 -99.698 -99.999
 -99.698 -99.999 -97.318 -97.754 -73.293 -73.613 -49.155 -49.316 -29.675
 -29.646 -14.838 -14.524  -3.781  -2.699   2.231   3.855
      ni60 co60                            ecr      -2.82390E+00
 -99.698 -99.999 -99.698 -99.999 -83.907 -85.175 -47.713 -48.652 -31.096
 -31.692 -23.042 -23.481 -16.350 -16.640 -12.760 -12.933  -8.862  -8.855
  -5.330  -5.065  -2.017  -1.406   1.559   2.655   4.488   6.111 -99.698
 -99.999 -99.698 -99.999 -82.906 -84.175 -46.713 -47.652 -30.683 -31.279
 -23.020 -23.459 -16.349 -16.638 -12.759 -12.933  -8.862  -8.854  -5.330
  -5.065  -2.017  -1.406   1.559   2.655   4.488   6.111 -99.698 -99.999
 -99.698 -99.999 -81.900 -83.169 -45.712 -46.650 -29.735 -30.331 -22.814
 -23.253 -16.334 -16.624 -12.756 -12.930  -8.862  -8.854  -5.329  -5.065
  -2.017  -1.406   1.559   2.655   4.488   6.111 -99.698 -99.999 -99.698
 -99.999 -80.846 -82.114 -44.694 -45.633 -28.730 -29.327 -21.993 -22.433
 -16.193 -16.482 -12.725 -12.898  -8.856  -8.849  -5.329  -5.065  -2.017
  -1.406   1.559   2.655   4.488   6.111 -99.698 -99.999 -99.698 -99.999
 -79.343 -80.612 -43.526 -44.470 -27.678 -28.283 -20.972 -21.413 -15.463
 -15.752 -12.438 -12.611  -8.803  -8.796  -5.321  -5.057  -2.016  -1.405
   1.559   2.655   4.488   6.111 -99.698 -99.999 -99.698 -99.999 -75.163
 -76.431 -41.262 -42.214 -26.198 -26.847 -19.739 -20.192 -14.355 -14.644
 -11.484 -11.657  -8.366  -8.359  -5.241  -4.977  -2.009  -1.397   1.559
   2.655   4.488   6.111 -99.698 -99.999 -99.698 -99.999 -63.798 -65.074
 -35.520 -36.474 -22.801 -23.468 -17.275 -17.780 -12.571 -12.881  -9.994
 -10.172  -7.184  -7.178  -4.648  -4.385  -1.924  -1.312   1.562   2.658
   4.488   6.111 -99.698 -99.999 -72.574 -73.315 -38.982 -39.710 -22.095
 -22.780 -14.635 -15.235 -11.414 -11.916  -8.586  -8.932  -6.952  -7.168
  -5.054  -5.073  -3.207  -2.962  -1.301  -0.689   1.593   2.689   4.489
   6.112  -1.299  -1.446  -1.299  -1.445  -1.297  -1.442  -1.292  -1.432
  -1.276  -1.406  -1.253  -1.367  -1.198  -1.278  -1.128  -1.165  -0.956
  -0.892  -0.585  -0.330   0.212   0.800   1.881   2.979   4.497   6.120
   2.316   2.998   2.316   2.998   2.316   2.998   2.316   2.998   2.317
   2.999   2.317   3.000   2.319   3.003   2.321   3.006   2.323   3.013
   2.321   3.024   2.407   3.179   2.992   4.117   4.579   6.204   4.430
   5.609   4.430   5.609   4.430   5.609   4.430   5.609   4.430   5.609
   4.430   5.609   4.430   5.609   4.430   5.610   4.429   5.608   4.421
   5.600   4.435   5.623   4.584   5.872   5.186   6.824
      ni61 co61                            ecr      -1.32170E+00
 -99.698 -99.999 -77.938 -79.519 -44.188 -45.462 -27.144 -28.106 -19.078
 -19.781 -14.714 -15.249 -11.087 -11.427  -9.136  -9.335  -6.988  -6.983
  -4.900  -4.639  -2.245  -1.660   1.379   2.461   4.369   5.988 -99.698
 -99.999 -76.936 -78.517 -43.188 -44.462 -26.144 -27.106 -18.665 -19.368
 -14.693 -15.227 -11.086 -11.425  -9.136  -9.334  -6.988  -6.983  -4.900
  -4.639  -2.245  -1.660   1.379   2.461   4.369   5.988 -99.698 -99.999
 -75.920 -77.501 -42.182 -43.456 -25.142 -26.104 -17.716 -18.420 -14.486
 -15.021 -11.071 -11.411  -9.133  -9.331  -6.987  -6.982  -4.900  -4.639
  -2.245  -1.660   1.379   2.461   4.369   5.988 -99.698 -99.999 -74.759
 -76.340 -41.127 -42.401 -24.124 -25.086 -16.710 -17.414 -13.665 -14.200
 -10.929 -11.269  -9.101  -9.300  -6.982  -6.977  -4.899  -4.638  -2.245
  -1.660   1.379   2.461   4.369   5.988 -99.698 -99.999 -72.410 -73.992
 -39.624 -40.898 -22.953 -23.915 -15.644 -16.347 -12.633 -13.168 -10.196
 -10.536  -8.813  -9.011  -6.928  -6.924  -4.891  -4.629  -2.244  -1.659
   1.379   2.461   4.369   5.988 -99.698 -99.999 -64.217 -65.798 -35.442
 -36.716 -20.680 -21.642 -14.095 -14.798 -11.332 -11.866  -9.061  -9.400
  -7.848  -8.046  -6.487  -6.482  -4.810  -4.548  -2.236  -1.650   1.380
   2.461   4.369   5.988 -99.698 -99.999 -39.462 -41.045 -23.196 -24.474
 -14.664 -15.618 -10.638 -11.296  -8.817  -9.305  -7.229  -7.536  -6.331
  -6.508  -5.298  -5.283  -4.210  -3.946  -2.151  -1.565   1.383   2.464
   4.369   5.988 -37.344 -37.624  -6.954  -7.233  -5.276  -5.553  -4.494
  -4.762  -4.199  -4.444  -4.075  -4.288  -3.927  -4.066  -3.765  -3.808
  -3.407  -3.294  -2.820  -2.523  -1.521  -0.934   1.414   2.495   4.370
   5.988  -1.465  -1.446  -1.464  -1.444  -1.437  -1.372  -1.320  -1.125
  -1.221  -0.959  -1.175  -0.890  -1.128  -0.826  -1.082  -0.768  -0.969
  -0.626  -0.700  -0.306  -0.003   0.576   1.702   2.786   4.378   5.997
   2.082   2.727   2.082   2.727   2.086   2.731   2.107   2.754   2.128
   2.778   2.139   2.790   2.149   2.802   2.156   2.811   2.165   2.826
   2.180   2.858   2.254   3.003   2.827   3.933   4.461   6.080   4.294
   5.455   4.294   5.455   4.297   5.459   4.312   5.475   4.328   5.491
   4.336   5.500   4.343   5.508   4.347   5.512   4.350   5.515   4.348
   5.515   4.344   5.519   4.454   5.725   5.069   6.702
      ni62 co62                            ecr      -5.31500E+00
 -99.698 -99.999 -99.698 -99.999 -99.698 -99.999 -76.139 -77.112 -46.316
 -47.037 -33.222 -33.780 -22.774 -23.142 -17.381 -17.613 -11.754 -11.789
  -6.935  -6.704  -2.788  -2.180   1.308   2.428   4.365   5.998 -99.698
 -99.999 -99.698 -99.999 -99.698 -99.999 -75.139 -76.111 -45.903 -46.624
 -33.201 -33.758 -22.772 -23.141 -17.381 -17.613 -11.754 -11.789  -6.935
  -6.704  -2.788  -2.180   1.308   2.428   4.365   5.998 -99.698 -99.999
 -99.698 -99.999 -99.698 -99.999 -74.137 -75.110 -44.955 -45.675 -32.995
 -33.552 -22.758 -23.126 -17.378 -17.610 -11.754 -11.789  -6.935  -6.704
  -2.788  -2.180   1.308   2.428   4.365   5.998 -99.698 -99.999 -99.698
 -99.999 -99.698 -99.999 -73.119 -74.092 -43.948 -44.669 -32.173 -32.730
 -22.616 -22.985 -17.346 -17.578 -11.748 -11.783  -6.934  -6.703  -2.788
  -2.180   1.308   2.428   4.365   5.998 -99.698 -99.999 -99.698 -99.999
 -99.698 -99.999 -71.950 -72.922 -42.883 -43.603 -31.142 -31.699 -21.883
 -22.251 -17.058 -17.290 -11.695 -11.730  -6.927  -6.695  -2.787  -2.179
   1.308   2.428   4.365   5.998 -99.698 -99.999 -99.698 -99.999 -99.698
 -99.999 -69.682 -70.655 -41.339 -42.059 -29.843 -30.399 -20.748 -21.117
 -16.093 -16.325 -11.255 -11.289  -6.845  -6.613  -2.778  -2.170   1.309
   2.428   4.365   5.998 -99.698 -99.999 -99.698 -99.999 -99.698 -99.999
 -63.384 -64.356 -37.675 -38.397 -27.202 -27.760 -18.858 -19.225 -14.545
 -14.776 -10.053 -10.087  -6.243  -6.011  -2.693  -2.085   1.312   2.431
   4.365   5.999 -99.698 -99.999 -99.698 -99.999 -91.693 -92.971 -48.047
 -49.022 -28.938 -29.664 -21.094 -21.656 -14.769 -15.137 -11.439 -11.669
  -7.890  -7.924  -4.791  -4.564  -2.067  -1.458   1.343   2.462   4.366
   5.999 -99.698 -99.999 -61.702 -62.135 -32.139 -32.569 -17.335 -17.755
 -10.929 -11.325  -8.289  -8.651  -6.099  -6.385  -4.884  -5.083  -3.485
  -3.521  -2.098  -1.888  -0.562   0.023   1.628   2.751   4.374   6.008
   1.735   2.279   1.735   2.279   1.735   2.279   1.735   2.279   1.736
   2.280   1.737   2.282   1.739   2.287   1.742   2.293   1.748   2.306
   1.761   2.344   1.898   2.588   2.730   3.873   4.456   6.091   4.122
   5.259   4.122   5.259   4.122   5.259   4.122   5.259   4.122   5.259
   4.122   5.259   4.122   5.260   4.122   5.260   4.122   5.260   4.120
   5.258   4.134   5.283   4.339   5.621   5.061   6.709
      cu59 ni59                            ecr       4.79960E+00
  -2.134  -1.859  -2.134  -1.859  -2.134  -1.859  -2.134  -1.859  -2.134
  -1.859  -2.134  -1.859  -2.137  -1.859  -2.137  -1.855  -2.120  -1.792
  -1.807  -1.283  -0.608   0.150   1.934   3.041   4.692   6.317  -2.134
  -1.859  -2.134  -1.859  -2.134  -1.859  -2.134  -1.859  -2.134  -1.859
  -2.134  -1.859  -2.136  -1.859  -2.137  -1.855  -2.120  -1.792  -1.807
  -1.283  -0.608   0.150   1.934   3.041   4.692   6.317  -2.133  -1.857
  -2.134  -1.858  -2.134  -1.858  -2.134  -1.858  -2.134  -1.859  -2.134
  -1.859  -2.136  -1.859  -2.137  -1.855  -2.120  -1.792  -1.807  -1.283
  -0.608   0.150   1.934   3.041   4.692   6.317  -2.130  -1.851  -2.131
  -1.853  -2.132  -1.854  -2.132  -1.855  -2.133  -1.856  -2.133  -1.857
  -2.136  -1.858  -2.137  -1.853  -2.120  -1.791  -1.807  -1.283  -0.608
   0.150   1.934   3.041   4.692   6.317  -2.116  -1.821  -2.116  -1.821
  -2.117  -1.823  -2.119  -1.827  -2.121  -1.831  -2.122  -1.834  -2.127
  -1.838  -2.130  -1.839  -2.114  -1.781  -1.804  -1.279  -0.607   0.150
   1.934   3.041   4.692   6.317  -2.034  -1.664  -2.034  -1.664  -2.035
  -1.665  -2.035  -1.665  -2.036  -1.667  -2.038  -1.669  -2.044  -1.673
  -2.051  -1.678  -2.053  -1.660  -1.777  -1.239  -0.601   0.157   1.934
   3.041   4.692   6.317  -1.622  -1.059  -1.622  -1.059  -1.622  -1.059
  -1.622  -1.058  -1.620  -1.056  -1.619  -1.053  -1.618  -1.047  -1.618
  -1.042  -1.618  -1.028  -1.497  -0.864  -0.541   0.227   1.937   3.044
   4.692   6.317  -0.645   0.065  -0.644   0.065  -0.644   0.065  -0.644
   0.065  -0.643   0.067  -0.641   0.069  -0.639   0.072  -0.638   0.074
  -0.637   0.078  -0.572   0.157  -0.040   0.769   1.967   3.075   4.693
   6.318   0.876   1.571   0.876   1.571   0.876   1.571   0.877   1.571
   0.878   1.572   0.880   1.574   0.884   1.577   0.888   1.579   0.896
   1.582   0.939   1.632   1.224   2.031   2.253   3.364   4.701   6.326
   2.907   3.763   2.907   3.763   2.907   3.763   2.907   3.763   2.907
   3.764   2.908   3.764   2.908   3.765   2.908   3.766   2.907   3.765
   2.906   3.770   2.964   3.882   3.344   4.491   4.784   6.409   4.762
   5.997   4.762   5.997   4.762   5.997   4.762   5.997   4.762   5.997
   4.762   5.997   4.762   5.997   4.761   5.997   4.759   5.994   4.754
   5.990   4.763   6.009   4.870   6.189   5.389   7.029
