n      0       1       1       0.0         0       .5      
p      1       1       0       0.0         0       .5      
d      1       2       1       2.22443     0       1.0     
he3    2       3       1       7.71842     0       .5      
he4    2       4       2       28.29586    0       .0      
li6    3       6       3       31.99529    0       1.0     
li7    3       7       4       39.24473    0       1.5     
be7    4       7       3       37.60028    0       1.5     
be9    4       9       5       58.16516    0       1.5     
b8     5       8       3       37.73827    0       2.0     
b10    5       10      5       64.75115    0       3.0     
b11    5       11      6       76.20559    0       1.5     
c12    6       12      6       92.16258    0       .0      
c13    6       13      7       97.10902    0       .5      
c14    6       14      8       105.28546   0       .0      
n13    7       13      6       94.10557    0       .5      
n14    7       14      7       104.66001   0       1.0     
n15    7       15      8       115.49345   0       .5      
o14    8       14      6       98.73356    0       .0      
o15    8       15      7       111.957     0       .5      
o16    8       16      8       127.62044   0       .0      
o17    8       17      9       131.76388   0       2.5     
o18    8       18      10      139.80832   0       .0      
f17    9       17      8       128.22043   0       2.5     
f18    9       18      9       137.37087   0       1.0     
f19    9       19      10      147.80231   0       .5      
ne18   10      18      8       132.15442   0       .0      
ne19   10      19      9       143.78186   0       .5      
ne20   10      20      10      160.6463    0       .0      
ne21   10      21      11      167.40774   0       1.5     
ne22   10      22      12      177.77118   0       .0      
na21   11      21      10      163.07729   0       1.5     
na22   11      22      11      174.14673   0       3.0     
na23   11      23      12      186.56617   0       1.5     
mg23   12      23      11      181.72672   0       1.5     
mg24   12      24      12      198.25816   0       .0      
mg25   12      25      13      205.5896    0       2.5     
mg26   12      26      14      216.68304   0       .0      
al24   13      24      11      183.59771   0       4.0     
al25   13      25      12      200.53015   0       2.5     
al26   13      26      13      211.89359   0       5.0     
al27   13      27      14      224.95403   0       2.5     
si28   14      28      14      236.53902   0       .0      
si29   14      29      15      245.01246   0       .5      
si30   14      30      16      255.6219    0       .0      
si31   14      31      17      262.20934   0       1.5     
si32   14      32      18      271.41278   0       .0      
p29    15      29      14      239.28701   0       .5      
p30    15      30      15      250.60745   0       1.0     
p31    15      31      16      262.91889   0       .5      
p32    15      32      17      270.85433   0       1.0     
p33    15      33      18      280.95877   0       .5      
s32    16      32      16      271.78288   0       .0      
s33    16      33      17      280.42432   0       1.5     
s34    16      34      18      291.84176   0       .0      
s35    16      35      19      298.8272    0       1.5     
s36    16      36      20      308.71664   0       .0      
cl33   17      33      16      274.05887   0       1.5     
cl34   17      34      17      285.56831   0       .0      
cl35   17      35      18      298.21275   0       1.5     
cl36   17      36      19      306.79219   0       2.0     
cl37   17      37      20      317.10363   0       1.5     
ar36   18      36      18      306.71774   0       .0      
ar37   18      37      19      315.50718   0       1.5     
ar38   18      38      20      327.34562   0       .0      
ar39   18      39      21      333.94406   0       3.5     
ar40   18      40      22      343.8135    0       .0      
k37    19      37      18      308.57573   0       1.5     
k38    19      38      19      320.65017   0       3.0     
k39    19      39      20      333.72661   0       1.5     
k40    19      40      21      341.52605   0       4.0     
k41    19      41      22      351.62149   0       1.5     
ca40   20      40      20      342.0546    0       .0      
ca41   20      41      21      350.41804   0       3.5     
ca42   20      42      22      361.89848   0       .0      
ca43   20      43      23      369.83092   0       3.5     
ca44   20      44      24      380.96336   0       .0      
ca45   20      45      25      388.3788    0       3.5     
ca46   20      46      26      398.77224   0       .0      
ca47   20      47      27      406.04868   0       3.5     
ca48   20      48      28      415.99512   0       .0      
sc43   21      43      22      366.82847   0       3.5     
sc44   21      44      23      376.52791   0       2.0     
sc45   21      45      24      387.85235   0       3.5     
sc46   21      46      25      396.61379   0       4.0     
sc47   21      47      26      407.25823   0       3.5     
sc48   21      48      27      415.49067   0       6.0     
sc49   21      49      28      425.62111   0       3.5     
ti44   22      44      22      375.47746   0       .0      
ti45   22      45      23      385.0079    0       3.5     
ti46   22      46      24      398.19734   0       .0      
ti47   22      47      25      407.07578   0       2.5     
ti48   22      48      26      418.70222   0       .0      
ti49   22      49      27      426.84466   0       3.5     
ti50   22      50      28      437.7841    0       .0     
ti51   22      51      29      444.1584    0       1.5 
v46    23      46      23      390.36389   0       .0      
v47    23      47      24      403.36533   0       1.5     
v48    23      48      25      413.90777   0       4.0     
v49    23      49      26      425.46021   0       3.5     
v50    23      50      27      434.79365   0       6.0     
v51    23      51      28      445.84409   0       3.5
v52    23      52      29      453.15826   0       3.0     
cr48   24      48      24      411.46532   0       .0      
cr49   24      49      25      422.04676   0       2.5     
cr50   24      50      26      435.0482    0       .0      
cr51   24      51      27      444.30964   0       3.5     
cr52   24      52      28      456.34908   0       .0      
cr53   24      53      29      464.28852   0       1.5     
cr54   24      54      30      474.00696   0       .0      
mn50   25      50      25      426.63175   0       .0      
mn51   25      51      26      440.31919   0       2.5     
mn52   25      52      27      450.85463   0       6.0     
mn53   25      53      28      462.90907   0       3.5     
mn54   25      54      29      471.84751   0       3.0     
mn55   25      55      30      482.07395   0       2.5     
fe52   26      52      26      447.70018   0       .0      
fe53   26      53      27      458.38362   0       3.5     
fe54   26      54      28      471.76206   0       .0      
fe55   26      55      29      481.0605    0       1.5     
fe56   26      56      30      492.25794   0       .0      
fe57   26      57      31      499.90438   0       .5      
fe58   26      58      32      509.94882   0       .0      
co53   27      53      26      449.29917   0       3.5     
co54   27      54      27      462.73661   0       .0      
co55   27      55      28      476.82705   0       3.5     
co56   27      56      29      486.90949   0       4.0     
co57   27      57      30      498.28593   0       3.5     
co58   27      58      31      506.85837   0       2.0     
co59   27      59      32      517.31281   0       3.5     
ni56   28      56      28      483.99204   0       .0      
ni57   28      57      29      494.23848   0       1.5     
ni58   28      58      30      506.45792   0       .0      
ni59   28      59      31      515.45736   0       1.5     
ni60   28      60      32      526.8458    0       .0      
ni61   28      61      33      534.66624   0       1.5     
ni62   28      62      34      545.26368   0       .0 
ni63   28      63      35      552.10006   0       .5
ni64   28      64      36      561.75750   0       .0     
cu57   29      57      28      484.68603   0       1.5     
cu58   29      58      29      497.11247   0       1.0     
cu59   29      59      30      509.87591   0       1.5     
cu60   29      60      31      519.93635   0       2.0     
cu61   29      61      32      531.64679   0       1.5     
cu62   29      62      33      540.53223   0       1.0     
cu63   29      63      34      551.38567   0       1.5 
cu64   29      64      35      559.3008    0       1.0
cu65   29      65      36      569.21124   0       1.5
zn59   30      59      29      499.99846   0       1.5     
zn60   30      60      30      514.9959    0       .0      
zn61   30      61      31      525.22634   0       1.5     
zn62   30      62      32      538.12278   0       .0      
zn63   30      63      33      547.23622   0       1.5     
zn64   30      64      34      559.09766   0       .0      
zn65   30      65      35      567.0781    0       2.5     
zn66   30      66      36      578.13754   0       .0     
ga62   31      62      31      528.15580   0       .0 
ga63   31      63      32      540.78734   0       1.5
ga64   31      64      33      551.14438   0       .0
ge63   32      63      31      530.37810   0       1.5
ge64   32      64      32      545.84448   0       .0
