# s15s7b2 of Woosley & Weaver (1995)
number of variables = 4
number of points = 681
dens
temp
velx
ye  
   2.355326E+06   9.135422E+09   8.095911E+09  -2.300448E+06   4.222671E-01
   5.355594E+06   8.973232E+09   8.091571E+09  -5.859513E+06   4.224376E-01
   6.550276E+06   8.827181E+09   8.087371E+09  -6.931602E+06   4.225936E-01
   7.617992E+06   8.673508E+09   8.082655E+09  -7.941016E+06   4.227602E-01
   8.737034E+06   8.488601E+09   8.076597E+09  -9.111319E+06   4.229642E-01
   9.842593E+06   8.293321E+09   8.069677E+09  -1.009266E+07   4.231846E-01
   1.081853E+07   8.105662E+09   8.062601E+09  -1.100885E+07   4.234009E-01
   1.176228E+07   7.912539E+09   8.054823E+09  -1.192583E+07   4.236290E-01
   1.273592E+07   7.702834E+09   8.045836E+09  -1.289807E+07   4.238834E-01
   1.379702E+07   7.463894E+09   8.034943E+09  -1.398231E+07   4.241823E-01
   1.485600E+07   7.220099E+09   8.023024E+09  -1.494796E+07   4.244990E-01
   1.581024E+07   6.994393E+09   8.011371E+09  -1.582708E+07   4.248034E-01
   1.668651E+07   6.783315E+09   7.999889E+09  -1.663995E+07   4.250991E-01
   1.750221E+07   6.584453E+09   7.988485E+09  -1.740031E+07   4.253892E-01
   1.826939E+07   6.396019E+09   7.977306E+09  -1.811795E+07   4.256742E-01
   1.899677E+07   6.216671E+09   7.966179E+09  -1.880015E+07   4.259567E-01
   1.969090E+07   6.045341E+09   7.955161E+09  -1.945244E+07   4.262374E-01
   2.035686E+07   5.881183E+09   7.944136E+09  -2.007919E+07   4.265177E-01
   2.099864E+07   5.723480E+09   7.933405E+09  -2.068387E+07   4.267963E-01
   2.161948E+07   5.571676E+09   7.922505E+09  -2.126932E+07   4.270771E-01
   2.222205E+07   5.425258E+09   7.911831E+09  -2.183789E+07   4.273576E-01
   2.280854E+07   5.283820E+09   7.901156E+09  -2.239155E+07   4.276400E-01
   2.338084E+07   5.146995E+09   7.890527E+09  -2.293197E+07   4.279242E-01
   2.394052E+07   5.014470E+09   7.879935E+09  -2.346059E+07   4.282105E-01
   2.448896E+07   4.885969E+09   7.869370E+09  -2.397863E+07   4.284992E-01
   2.502735E+07   4.761248E+09   7.858824E+09  -2.448720E+07   4.287904E-01
   2.555674E+07   4.640090E+09   7.848294E+09  -2.498722E+07   4.290845E-01
   2.607805E+07   4.522296E+09   7.837924E+09  -2.547955E+07   4.293802E-01
   2.659210E+07   4.407710E+09   7.827109E+09  -2.596493E+07   4.296832E-01
   2.709962E+07   4.296145E+09   7.816752E+09  -2.644405E+07   4.299853E-01
   2.760127E+07   4.187473E+09   7.806416E+09  -2.691751E+07   4.302905E-01
   2.809767E+07   4.081576E+09   7.795522E+09  -2.738585E+07   4.306042E-01
   2.858934E+07   3.978309E+09   7.785133E+09  -2.784958E+07   4.309165E-01
   2.907679E+07   3.877575E+09   7.774766E+09  -2.830916E+07   4.312317E-01
   2.956048E+07   3.779287E+09   7.763746E+09  -2.876500E+07   4.315567E-01
   3.004084E+07   3.683322E+09   7.753537E+09  -2.921751E+07   4.318767E-01
   3.051826E+07   3.589627E+09   7.742402E+09  -2.966703E+07   4.322093E-01
   3.099310E+07   3.498094E+09   7.731874E+09  -3.011392E+07   4.325387E-01
   3.146571E+07   3.408660E+09   7.721343E+09  -3.055847E+07   4.328710E-01
   3.193641E+07   3.321265E+09   7.709989E+09  -3.100099E+07   4.332151E-01
   3.240551E+07   3.235822E+09   7.699554E+09  -3.144175E+07   4.335519E-01
   3.287329E+07   3.152297E+09   7.688029E+09  -3.188101E+07   4.339032E-01
   3.334004E+07   3.070610E+09   7.677194E+09  -3.231902E+07   4.342490E-01
   3.380600E+07   2.990714E+09   7.666339E+09  -3.275602E+07   4.345976E-01
   3.427144E+07   2.912567E+09   7.654496E+09  -3.319222E+07   4.349603E-01
   3.473659E+07   2.836099E+09   7.643697E+09  -3.362786E+07   4.353131E-01
   3.520169E+07   2.761288E+09   7.631590E+09  -3.406314E+07   4.356839E-01
   3.566696E+07   2.688068E+09   7.620561E+09  -3.449825E+07   4.360437E-01
   3.613263E+07   2.616421E+09   7.608141E+09  -3.493338E+07   4.364228E-01
   3.659890E+07   2.546284E+09   7.596695E+09  -3.536873E+07   4.367921E-01
   3.706599E+07   2.477646E+09   7.583816E+09  -3.580446E+07   4.371810E-01
   3.753410E+07   2.410450E+09   7.572564E+09  -3.624078E+07   4.375497E-01
   3.800342E+07   2.344665E+09   7.560005E+09  -3.667784E+07   4.379393E-01
   3.847417E+07   2.280271E+09   7.546568E+09  -3.711580E+07   4.383416E-01
   3.894654E+07   2.217215E+09   7.533505E+09  -3.755485E+07   4.387426E-01
   3.942072E+07   2.155490E+09   7.521453E+09  -3.799516E+07   4.391280E-01
   3.989692E+07   2.095038E+09   7.507654E+09  -3.843688E+07   4.395447E-01
   4.037532E+07   2.035848E+09   7.494207E+09  -3.888017E+07   4.399587E-01
   4.085612E+07   1.977884E+09   7.480599E+09  -3.932520E+07   4.403793E-01
   4.133954E+07   1.921123E+09   7.466840E+09  -3.977214E+07   4.408068E-01
   4.182575E+07   1.865535E+09   7.452807E+09  -4.022114E+07   4.412435E-01
   4.231497E+07   1.811102E+09   7.438441E+09  -4.067237E+07   4.416903E-01
   4.280741E+07   1.757803E+09   7.423688E+09  -4.112599E+07   4.421472E-01
   4.330326E+07   1.705620E+09   7.408391E+09  -4.158215E+07   4.426166E-01
   4.380274E+07   1.654537E+09   7.392491E+09  -4.204100E+07   4.430981E-01
   4.430606E+07   1.604539E+09   7.375859E+09  -4.250271E+07   4.435933E-01
   4.481342E+07   1.555613E+09   7.358425E+09  -4.296740E+07   4.441019E-01
   4.532505E+07   1.507746E+09   7.340119E+09  -4.343523E+07   4.446236E-01
   4.584117E+07   1.460926E+09   7.320791E+09  -4.390635E+07   4.451593E-01
   4.636199E+07   1.415142E+09   7.300531E+09  -4.438089E+07   4.457051E-01
   4.688774E+07   1.370381E+09   7.279329E+09  -4.485899E+07   4.462600E-01
   4.741864E+07   1.326631E+09   7.257150E+09  -4.534080E+07   4.468229E-01
   4.795494E+07   1.283880E+09   7.233989E+09  -4.582644E+07   4.473923E-01
   4.849685E+07   1.242114E+09   7.209875E+09  -4.631605E+07   4.479661E-01
   4.904463E+07   1.201321E+09   7.184872E+09  -4.680978E+07   4.485421E-01
   4.959853E+07   1.161486E+09   7.158979E+09  -4.730775E+07   4.491191E-01
   5.015878E+07   1.122592E+09   7.132319E+09  -4.781014E+07   4.496943E-01
   5.072567E+07   1.084625E+09   7.104893E+09  -4.831709E+07   4.502668E-01
   5.129946E+07   1.047568E+09   7.076786E+09  -4.882876E+07   4.508347E-01
   5.188044E+07   1.011403E+09   7.048027E+09  -4.934534E+07   4.513969E-01
   5.246888E+07   9.761140E+08   7.018640E+09  -4.986699E+07   4.519528E-01
   5.306511E+07   9.416840E+08   6.988747E+09  -5.039388E+07   4.525001E-01
   5.366943E+07   9.080974E+08   6.958290E+09  -5.092621E+07   4.530393E-01
   5.428219E+07   8.753349E+08   6.927480E+09  -5.146416E+07   4.535673E-01
   5.490373E+07   8.433824E+08   6.896253E+09  -5.200794E+07   4.540846E-01
   5.553442E+07   8.122234E+08   6.864663E+09  -5.255775E+07   4.545903E-01
   5.617463E+07   7.818443E+08   6.832595E+09  -5.311381E+07   4.550855E-01
   5.682479E+07   7.522249E+08   6.800358E+09  -5.367634E+07   4.555659E-01
   5.748530E+07   7.233570E+08   6.767608E+09  -5.424557E+07   4.560354E-01
   5.815663E+07   6.952244E+08   6.734414E+09  -5.482173E+07   4.564933E-01
   5.866302E+07   6.748199E+08   6.709565E+09  -5.510673E+07   4.568242E-01
   5.898398E+07   6.622054E+08   6.693514E+09  -5.536575E+07   4.570295E-01
   5.927623E+07   6.509114E+08   6.679823E+09  -5.560106E+07   4.572075E-01
   5.964962E+07   6.368035E+08   6.660865E+09  -5.599568E+07   4.574400E-01
   6.024026E+07   6.151137E+08   6.632147E+09  -5.659404E+07   4.577870E-01
   6.095983E+07   5.897965E+08   6.597039E+09  -5.720029E+07   4.581910E-01
   6.169286E+07   5.651494E+08   6.561526E+09  -5.781469E+07   4.585791E-01
   6.243998E+07   5.411617E+08   6.525501E+09  -5.843750E+07   4.589525E-01
   6.320189E+07   5.178018E+08   6.489647E+09  -5.906905E+07   4.593073E-01
   6.397939E+07   4.949601E+08   6.456874E+09  -5.970998E+07   4.596437E-01
   6.477322E+07   4.729092E+08   6.418040E+09  -6.036006E+07   4.599822E-01
   6.537418E+07   4.565929E+08   6.400391E+09  -6.068272E+07   4.602150E-01
   6.576216E+07   4.333353E+08   6.794747E+09  -6.099791E+07   4.595669E-01
   6.612578E+07   4.149242E+08   7.079965E+09  -6.130000E+07   4.578888E-01
   6.660273E+07   3.967912E+08   7.273476E+09  -6.182831E+07   4.565989E-01
   6.736506E+07   3.804343E+08   7.236819E+09  -6.263138E+07   4.570889E-01
   6.829788E+07   3.615176E+08   7.191902E+09  -6.344723E+07   4.576615E-01
   6.925319E+07   3.432212E+08   7.147241E+09  -6.427628E+07   4.582219E-01
   7.023211E+07   3.255940E+08   7.101354E+09  -6.511872E+07   4.587682E-01
   7.123576E+07   3.085938E+08   7.054747E+09  -6.597473E+07   4.593053E-01
   7.226538E+07   2.922097E+08   7.007290E+09  -6.684447E+07   4.598352E-01
   7.332230E+07   2.764387E+08   6.958687E+09  -6.772806E+07   4.603575E-01
   7.440788E+07   2.612575E+08   6.908956E+09  -6.862558E+07   4.608800E-01
   7.552359E+07   2.466758E+08   6.857486E+09  -6.953679E+07   4.614002E-01
   7.667098E+07   2.326678E+08   6.804439E+09  -7.046154E+07   4.619254E-01
   7.785171E+07   2.192207E+08   6.749608E+09  -7.139962E+07   4.624615E-01
   7.906753E+07   2.063318E+08   6.692530E+09  -7.235037E+07   4.630134E-01
   8.032030E+07   1.939846E+08   6.633126E+09  -7.331314E+07   4.635898E-01
   8.161198E+07   1.821751E+08   6.570938E+09  -7.428706E+07   4.641958E-01
   8.294463E+07   1.708913E+08   6.505734E+09  -7.527082E+07   4.648376E-01
   8.432047E+07   1.601159E+08   6.437515E+09  -7.626288E+07   4.655234E-01
   8.574179E+07   1.498546E+08   6.365742E+09  -7.726128E+07   4.662426E-01
   8.721101E+07   1.400783E+08   6.290809E+09  -7.826390E+07   4.670022E-01
   8.873071E+07   1.307872E+08   6.212479E+09  -7.926797E+07   4.677817E-01
   9.030366E+07   1.219544E+08   6.131267E+09  -8.027054E+07   4.685783E-01
   9.193290E+07   1.135625E+08   6.047430E+09  -8.126837E+07   4.693806E-01
   9.362170E+07   1.056011E+08   5.960977E+09  -8.225752E+07   4.701698E-01
   9.537365E+07   9.805003E+07   5.872128E+09  -8.323351E+07   4.709371E-01
   9.687966E+07   9.208889E+07   5.796716E+09  -8.387406E+07   4.715467E-01
   9.812323E+07   8.749079E+07   5.734776E+09  -8.450460E+07   4.720152E-01
   9.939946E+07   8.305854E+07   5.671801E+09  -8.512320E+07   4.724599E-01
   1.010487E+08   7.771674E+07   5.591193E+09  -8.602473E+07   4.729877E-01
   1.030964E+08   7.164956E+07   5.493426E+09  -8.688773E+07   4.735561E-01
   1.052313E+08   6.592260E+07   5.394700E+09  -8.770587E+07   4.740596E-01
   1.074590E+08   6.057695E+07   5.287921E+09  -8.846560E+07   4.744989E-01
   1.097849E+08   5.555774E+07   5.176823E+09  -8.915329E+07   4.748764E-01
   1.122158E+08   5.085620E+07   5.060503E+09  -8.975451E+07   4.751929E-01
   1.147589E+08   4.646080E+07   4.938278E+09  -9.025511E+07   4.754528E-01
   1.176267E+08   3.669419E+07   5.084013E+09  -9.071183E+07   4.979137E-01
   1.208304E+08   3.330647E+07   4.958663E+09  -9.097243E+07   4.979218E-01
   1.241735E+08   3.023701E+07   4.824599E+09  -9.101719E+07   4.979318E-01
   1.276583E+08   2.746120E+07   4.680841E+09  -9.084274E+07   4.979420E-01
   1.312868E+08   2.494857E+07   4.527907E+09  -9.046798E+07   4.979514E-01
   1.350621E+08   2.266166E+07   4.367826E+09  -8.993157E+07   4.979598E-01
   1.389902E+08   2.056116E+07   4.203600E+09  -8.927634E+07   4.979671E-01
   1.430817E+08   1.861355E+07   4.038090E+09  -8.853241E+07   4.979733E-01
   1.473519E+08   1.679502E+07   3.873256E+09  -8.770970E+07   4.979785E-01
   1.518216E+08   1.509032E+07   3.710020E+09  -8.679876E+07   4.979827E-01
   1.565167E+08   1.349188E+07   3.548187E+09  -8.576798E+07   4.979858E-01
   1.614691E+08   1.199260E+07   3.387491E+09  -8.458853E+07   4.979882E-01
   1.667184E+08   1.058523E+07   3.227857E+09  -8.321158E+07   4.979899E-01
   1.708154E+08   9.600317E+06   3.111312E+09  -8.243402E+07   4.979906E-01
   1.729656E+08   9.117820E+06   3.052624E+09  -8.198905E+07   4.979908E-01
   1.742132E+08   8.073996E+06   3.185632E+09  -8.156315E+07   4.999762E-01
   1.754279E+08   6.810747E+06   3.409047E+09  -8.106281E+07   4.999762E-01
   1.766705E+08   6.270256E+06   3.461525E+09  -8.077309E+07   4.999762E-01
   1.779423E+08   5.208745E+06   3.603917E+09  -8.039173E+07   4.999762E-01
   1.798152E+08   4.217656E+06   3.699872E+09  -7.978699E+07   4.999762E-01
   1.834733E+08   4.030743E+06   3.645706E+09  -7.841744E+07   4.999762E-01
   1.919451E+08   3.639460E+06   3.525034E+09  -7.523798E+07   4.999762E-01
   2.038756E+08   3.191166E+06   3.372884E+09  -7.209015E+07   4.999762E-01
   2.159280E+08   2.818172E+06   3.233992E+09  -6.903946E+07   4.999762E-01
   2.280912E+08   2.503412E+06   3.106961E+09  -6.611088E+07   4.999762E-01
   2.403611E+08   2.235062E+06   2.990383E+09  -6.330965E+07   4.999762E-01
   2.527364E+08   2.004482E+06   2.882963E+09  -6.063384E+07   4.999762E-01
   2.652167E+08   1.805065E+06   2.783579E+09  -5.807932E+07   4.999762E-01
   2.778017E+08   1.631610E+06   2.691270E+09  -5.564150E+07   4.999762E-01
   2.904915E+08   1.479949E+06   2.605222E+09  -5.331560E+07   4.999762E-01
   3.032856E+08   1.346705E+06   2.524742E+09  -5.109675E+07   4.999762E-01
   3.161840E+08   1.229119E+06   2.449239E+09  -4.898082E+07   4.999762E-01
   3.291865E+08   1.124917E+06   2.378196E+09  -4.696309E+07   4.999762E-01
   3.422929E+08   1.032215E+06   2.311176E+09  -4.503910E+07   4.999762E-01
   3.555031E+08   9.494407E+05   2.247793E+09  -4.320465E+07   4.999762E-01
   3.688173E+08   8.752758E+05   2.187711E+09  -4.145560E+07   4.999762E-01
   3.822354E+08   8.086088E+05   2.130636E+09  -3.978795E+07   4.999762E-01
   3.957579E+08   7.484978E+05   2.076307E+09  -3.819784E+07   4.999762E-01
   4.093849E+08   6.941409E+05   2.024495E+09  -3.668159E+07   4.999762E-01
   4.231170E+08   6.448524E+05   1.974996E+09  -3.523564E+07   4.999762E-01
   4.369548E+08   6.000434E+05   1.927627E+09  -3.385663E+07   4.999762E-01
   4.508990E+08   5.592061E+05   1.882227E+09  -3.254130E+07   4.999762E-01
   4.649506E+08   5.219009E+05   1.838651E+09  -3.128654E+07   4.999762E-01
   4.791104E+08   4.877463E+05   1.796768E+09  -3.008940E+07   4.999762E-01
   4.933796E+08   4.564093E+05   1.756461E+09  -2.894703E+07   4.999762E-01
   5.077596E+08   4.275988E+05   1.717625E+09  -2.785673E+07   4.999762E-01
   5.222518E+08   4.010595E+05   1.680164E+09  -2.681591E+07   4.999762E-01
   5.368578E+08   3.765664E+05   1.643992E+09  -2.582214E+07   4.999762E-01
   5.515795E+08   3.539211E+05   1.609030E+09  -2.487308E+07   4.999762E-01
   5.664187E+08   3.329478E+05   1.575208E+09  -2.396651E+07   4.999762E-01
   5.813777E+08   3.134903E+05   1.542462E+09  -2.310035E+07   4.999762E-01
   5.964589E+08   2.954092E+05   1.510733E+09  -2.227258E+07   4.999762E-01
   6.116651E+08   2.785797E+05   1.479971E+09  -2.148133E+07   4.999762E-01
   6.244245E+08   2.654956E+05   1.455180E+09  -2.097147E+07   4.999762E-01
   6.347034E+08   2.555008E+05   1.435689E+09  -2.047654E+07   4.999762E-01
   6.450934E+08   2.434720E+05   1.405638E+09  -1.999677E+07   4.999762E-01
   6.582479E+08   2.319254E+05   1.382706E+09  -1.930546E+07   4.999762E-01
   6.741637E+08   2.189236E+05   1.356155E+09  -1.864389E+07   4.999762E-01
   6.902416E+08   2.066947E+05   1.330497E+09  -1.801050E+07   4.999762E-01
   7.064850E+08   1.953085E+05   1.305458E+09  -1.740422E+07   4.999762E-01
   7.228920E+08   1.847059E+05   1.280989E+09  -1.682400E+07   4.999762E-01
   7.394607E+08   1.748139E+05   1.257084E+09  -1.626881E+07   4.999762E-01
   7.561904E+08   1.655666E+05   1.233737E+09  -1.573758E+07   4.999762E-01
   7.730809E+08   1.569080E+05   1.210933E+09  -1.522927E+07   4.999762E-01
   7.901328E+08   1.487902E+05   1.188654E+09  -1.474285E+07   4.999762E-01
   8.073470E+08   1.411713E+05   1.166877E+09  -1.427734E+07   4.999762E-01
   8.247247E+08   1.340133E+05   1.145581E+09  -1.383178E+07   4.999762E-01
   8.422673E+08   1.272815E+05   1.124746E+09  -1.340527E+07   4.999762E-01
   8.599764E+08   1.209439E+05   1.104354E+09  -1.299691E+07   4.999762E-01
   8.778543E+08   1.149709E+05   1.084390E+09  -1.260586E+07   4.999762E-01
   8.959032E+08   1.093354E+05   1.064837E+09  -1.223130E+07   4.999762E-01
   9.141262E+08   1.040129E+05   1.045681E+09  -1.187245E+07   4.999762E-01
   9.325265E+08   9.898097E+04   1.026907E+09  -1.152855E+07   4.999762E-01
   9.511077E+08   9.421905E+04   1.008502E+09  -1.119889E+07   4.999762E-01
   9.698741E+08   8.970841E+04   9.904524E+08  -1.088279E+07   4.999762E-01
   9.888302E+08   8.543195E+04   9.727455E+08  -1.057957E+07   4.999762E-01
   1.007981E+09   8.137412E+04   9.553687E+08  -1.028862E+07   4.999762E-01
   1.027332E+09   7.752073E+04   9.383092E+08  -1.000934E+07   4.999762E-01
   1.046888E+09   7.385872E+04   9.215550E+08  -9.741157E+06   4.999762E-01
   1.066657E+09   7.037610E+04   9.050941E+08  -9.483523E+06   4.999762E-01
   1.086644E+09   6.706175E+04   8.889154E+08  -9.235921E+06   4.999762E-01
   1.106857E+09   6.390550E+04   8.730077E+08  -8.997858E+06   4.999762E-01
   1.127303E+09   6.089809E+04   8.573598E+08  -8.768863E+06   4.999762E-01
   1.147991E+09   5.803093E+04   8.419605E+08  -8.548487E+06   4.999762E-01
   1.168927E+09   5.529608E+04   8.267992E+08  -8.336302E+06   4.999762E-01
   1.190123E+09   5.268616E+04   8.118656E+08  -8.131901E+06   4.999762E-01
   1.211586E+09   5.019430E+04   7.971495E+08  -7.934895E+06   4.999762E-01
   1.233327E+09   4.781414E+04   7.826411E+08  -7.744912E+06   4.999762E-01
   1.255356E+09   4.553973E+04   7.683308E+08  -7.561595E+06   4.999762E-01
   1.277685E+09   4.336550E+04   7.542094E+08  -7.384606E+06   4.999762E-01
   1.300325E+09   4.128625E+04   7.402680E+08  -7.213616E+06   4.999762E-01
   1.323288E+09   3.929714E+04   7.264976E+08  -7.048314E+06   4.999762E-01
   1.346588E+09   3.739359E+04   7.128898E+08  -6.888398E+06   4.999762E-01
   1.370238E+09   3.557136E+04   6.994362E+08  -6.733579E+06   4.999762E-01
   1.394254E+09   3.382641E+04   6.861284E+08  -6.583575E+06   4.999762E-01
   1.418652E+09   3.215501E+04   6.729585E+08  -6.438118E+06   4.999762E-01
   1.443449E+09   3.055360E+04   6.599185E+08  -6.296947E+06   4.999762E-01
   1.468662E+09   2.901886E+04   6.470005E+08  -6.159810E+06   4.999762E-01
   1.489973E+09   2.779424E+04   6.363729E+08  -6.070198E+06   4.999762E-01
   1.507271E+09   2.684064E+04   6.278862E+08  -5.982200E+06   4.999762E-01
   1.524776E+09   2.591332E+04   6.194450E+08  -5.895746E+06   4.999762E-01
   1.541605E+09   2.505652E+04   6.114709E+08  -5.819103E+06   4.999762E-01
   1.558612E+09   2.422207E+04   6.035342E+08  -5.735673E+06   4.999762E-01
   1.574715E+09   2.346211E+04   5.961516E+08  -5.671163E+06   4.999762E-01
   1.589802E+09   2.277321E+04   5.893249E+08  -5.600672E+06   4.999762E-01
   1.604378E+09   2.212996E+04   5.828298E+08  -5.543473E+06   4.999762E-01
   1.618644E+09   2.151912E+04   5.765485E+08  -5.478614E+06   4.999762E-01
   1.632874E+09   2.092918E+04   5.703724E+08  -5.424104E+06   4.999762E-01
   1.647179E+09   2.035349E+04   5.642367E+08  -5.361308E+06   4.999762E-01
   1.661613E+09   1.979098E+04   5.581329E+08  -5.307990E+06   4.999762E-01
   1.676225E+09   1.923834E+04   5.520266E+08  -5.246358E+06   4.999762E-01
   1.690997E+09   1.869749E+04   5.459408E+08  -5.193960E+06   4.999762E-01
   1.705959E+09   1.816603E+04   5.398495E+08  -5.133371E+06   4.999762E-01
   1.721085E+09   1.764614E+04   5.337792E+08  -5.081859E+06   4.999762E-01
   1.736404E+09   1.713553E+04   5.277046E+08  -5.022278E+06   4.999762E-01
   1.751891E+09   1.663620E+04   5.216511E+08  -4.971602E+06   4.999762E-01
   1.767579E+09   1.614586E+04   5.155922E+08  -4.912956E+06   4.999762E-01
   1.783445E+09   1.566639E+04   5.095527E+08  -4.863042E+06   4.999762E-01
   1.799523E+09   1.519555E+04   5.035057E+08  -4.805236E+06   4.999762E-01
   1.815791E+09   1.473515E+04   4.974757E+08  -4.756000E+06   4.999762E-01
   1.832287E+09   1.428299E+04   4.914354E+08  -4.698936E+06   4.999762E-01
   1.848985E+09   1.384084E+04   4.854099E+08  -4.650293E+06   4.999762E-01
   1.865984E+09   1.332192E+04   4.780684E+08  -4.593497E+06   4.999762E-01
   1.883311E+09   1.280162E+04   4.733756E+08  -4.544714E+06   4.999762E-01
   1.901046E+09   1.229081E+04   4.687100E+08  -4.487696E+06   4.999762E-01
   1.919149E+09   1.179258E+04   4.640805E+08  -4.438684E+06   4.999762E-01
   1.937700E+09   1.130458E+04   4.594658E+08  -4.381357E+06   4.999762E-01
   1.956654E+09   1.082871E+04   4.548945E+08  -4.332038E+06   4.999762E-01
   1.976102E+09   1.036263E+04   4.503459E+08  -4.274304E+06   4.999762E-01
   1.995996E+09   9.908086E+03   4.458516E+08  -4.224586E+06   4.999762E-01
   2.016437E+09   9.462791E+03   4.413913E+08  -4.166323E+06   4.999762E-01
   2.037373E+09   9.028414E+03   4.369994E+08  -4.116090E+06   4.999762E-01
   2.058923E+09   8.602826E+03   4.326539E+08  -4.057149E+06   4.999762E-01
   2.081031E+09   8.187829E+03   4.283889E+08  -4.006258E+06   4.999762E-01
   2.103830E+09   7.781427E+03   4.241809E+08  -3.946452E+06   4.999762E-01
   2.127260E+09   7.385608E+03   4.200624E+08  -3.894728E+06   4.999762E-01
   2.151476E+09   6.998514E+03   4.160076E+08  -3.833839E+06   4.999762E-01
   2.176411E+09   6.622720E+03   4.120391E+08  -3.781085E+06   4.999762E-01
   2.202243E+09   6.255478E+03   4.081482E+08  -3.718870E+06   4.999762E-01
   2.228894E+09   5.901182E+03   4.043211E+08  -3.664877E+06   4.999762E-01
   2.256572E+09   5.554151E+03   4.006090E+08  -3.601078E+06   4.999762E-01
   2.285188E+09   5.223058E+03   3.969074E+08  -3.545634E+06   4.999762E-01
   2.314980E+09   4.897167E+03   3.933779E+08  -3.480005E+06   4.999762E-01
   2.345844E+09   4.591185E+03   3.897759E+08  -3.422926E+06   4.999762E-01
   2.378061E+09   4.285519E+03   3.864718E+08  -3.355243E+06   4.999762E-01
   2.417424E+09   3.949118E+03   3.825860E+08  -3.274843E+06   4.999762E-01
   2.460754E+09   3.586770E+03   3.793732E+08  -3.197150E+06   4.999762E-01
   2.509286E+09   3.120459E+03   3.790222E+08  -3.104559E+06   4.999762E-01
   2.569894E+09   2.662542E+03   3.779408E+08  -2.994335E+06   4.999762E-01
   2.649881E+09   2.449557E+03   3.675365E+08  -2.853191E+06   4.999762E-01
   2.743041E+09   2.254825E+03   3.566072E+08  -2.720394E+06   4.999762E-01
   2.837490E+09   2.078447E+03   3.461676E+08  -2.595187E+06   4.999762E-01
   2.933248E+09   1.918332E+03   3.361830E+08  -2.476711E+06   4.999762E-01
   3.030630E+09   1.761808E+03   3.260481E+08  -2.363432E+06   4.999762E-01
   3.130220E+09   1.610753E+03   3.172466E+08  -2.254204E+06   4.999762E-01
   3.232317E+09   1.473664E+03   3.088129E+08  -2.148678E+06   4.999762E-01
   3.336923E+09   1.350192E+03   3.006858E+08  -2.046815E+06   4.999762E-01
   3.443976E+09   1.239434E+03   2.928304E+08  -1.948849E+06   4.999762E-01
   3.553387E+09   1.139888E+03   2.852336E+08  -1.855156E+06   4.999762E-01
   3.665077E+09   1.050211E+03   2.778751E+08  -1.766127E+06   4.999762E-01
   3.778978E+09   9.690859E+02   2.707582E+08  -1.682034E+06   4.999762E-01
   3.895151E+09   8.938178E+02   2.639379E+08  -1.602810E+06   4.999762E-01
   4.013715E+09   8.247618E+02   2.573835E+08  -1.528274E+06   4.999762E-01
   4.134980E+09   7.582267E+02   2.511718E+08  -1.457799E+06   4.999762E-01
   4.259317E+09   6.966641E+02   2.452156E+08  -1.390930E+06   4.999762E-01
   4.386272E+09   6.462631E+02   2.393129E+08  -1.327788E+06   4.999762E-01
   4.515053E+09   6.025186E+02   2.335775E+08  -1.268151E+06   4.999762E-01
   4.645117E+09   5.649081E+02   2.280142E+08  -1.211892E+06   4.999762E-01
   4.775953E+09   5.321578E+02   2.221590E+08  -1.158912E+06   4.999762E-01
   4.907228E+09   5.027984E+02   2.175081E+08  -1.109124E+06   4.999762E-01
   5.038833E+09   4.756836E+02   2.130555E+08  -1.062410E+06   4.999762E-01
   5.171344E+09   4.465954E+02   2.071975E+08  -1.018297E+06   4.999762E-01
   5.304723E+09   4.236156E+02   2.031226E+08  -9.771504E+05   4.999762E-01
   5.438356E+09   4.022862E+02   1.992115E+08  -9.388304E+05   4.999762E-01
   5.572246E+09   3.824520E+02   1.954535E+08  -9.031582E+05   4.999762E-01
   5.706393E+09   3.639760E+02   1.918390E+08  -8.699254E+05   4.999762E-01
   5.840803E+09   3.467368E+02   1.883591E+08  -8.389078E+05   4.999762E-01
   5.975478E+09   3.306263E+02   1.850056E+08  -8.098812E+05   4.999762E-01
   6.110423E+09   3.155480E+02   1.817711E+08  -7.826369E+05   4.999762E-01
   6.245642E+09   3.014156E+02   1.786486E+08  -7.569909E+05   4.999762E-01
   6.381141E+09   2.881514E+02   1.756317E+08  -7.327886E+05   4.999762E-01
   6.516924E+09   2.756856E+02   1.727147E+08  -7.099054E+05   4.999762E-01
   6.652998E+09   2.639555E+02   1.698918E+08  -6.882429E+05   4.999762E-01
   6.789366E+09   2.529040E+02   1.671582E+08  -6.677238E+05   4.999762E-01
   6.926038E+09   2.424798E+02   1.645091E+08  -6.482859E+05   4.999762E-01
   7.063017E+09   2.326360E+02   1.619400E+08  -6.298766E+05   4.999762E-01
   7.200311E+09   2.233304E+02   1.594468E+08  -6.124487E+05   4.999762E-01
   7.337928E+09   2.145242E+02   1.570258E+08  -5.959568E+05   4.999762E-01
   7.475874E+09   2.061824E+02   1.546734E+08  -5.803557E+05   4.999762E-01
   7.614156E+09   1.982727E+02   1.523862E+08  -5.655996E+05   4.999762E-01
   7.752783E+09   1.907659E+02   1.501612E+08  -5.516417E+05   4.999762E-01
   7.891762E+09   1.836349E+02   1.479953E+08  -5.384351E+05   4.999762E-01
   8.031101E+09   1.768550E+02   1.458860E+08  -5.259327E+05   4.999762E-01
   8.170810E+09   1.704037E+02   1.438305E+08  -5.140883E+05   4.999762E-01
   8.310895E+09   1.642600E+02   1.418266E+08  -5.028568E+05   4.999762E-01
   8.451365E+09   1.584047E+02   1.398718E+08  -4.921947E+05   4.999762E-01
   8.592230E+09   1.528200E+02   1.379642E+08  -4.820604E+05   4.999762E-01
   8.733499E+09   1.474896E+02   1.361016E+08  -4.724147E+05   4.999762E-01
   8.875181E+09   1.423983E+02   1.342823E+08  -4.632205E+05   4.999762E-01
   9.017284E+09   1.375320E+02   1.325042E+08  -4.544435E+05   4.999762E-01
   9.159819E+09   1.328778E+02   1.307659E+08  -4.460522E+05   4.999762E-01
   9.302795E+09   1.284234E+02   1.290657E+08  -4.380185E+05   4.999762E-01
   9.446222E+09   1.241578E+02   1.274020E+08  -4.303171E+05   4.999762E-01
   9.592983E+09   1.199886E+02   1.257406E+08  -4.226412E+05   4.999762E-01
   9.746021E+09   1.158414E+02   1.240511E+08  -4.150048E+05   4.999762E-01
   9.905475E+09   1.117246E+02   1.223356E+08  -4.074245E+05   4.999762E-01
   1.007147E+10   1.076464E+02   1.205962E+08  -3.999204E+05   4.999762E-01
   1.024414E+10   1.036147E+02   1.188350E+08  -3.925165E+05   4.999762E-01
   1.042360E+10   9.963656E+01   1.170542E+08  -3.852416E+05   4.999762E-01
   1.060998E+10   9.571898E+01   1.152558E+08  -3.781283E+05   4.999762E-01
   1.080339E+10   9.186823E+01   1.134421E+08  -3.712126E+05   4.999762E-01
   1.100393E+10   8.809010E+01   1.116151E+08  -3.645318E+05   4.999762E-01
   1.121172E+10   8.438982E+01   1.097770E+08  -3.581224E+05   4.999762E-01
   1.142686E+10   8.077206E+01   1.079299E+08  -3.520172E+05   4.999762E-01
   1.164943E+10   7.724091E+01   1.060758E+08  -3.462427E+05   4.999762E-01
   1.187955E+10   7.379994E+01   1.042166E+08  -3.408177E+05   4.999762E-01
   1.211728E+10   7.045213E+01   1.023545E+08  -3.357518E+05   4.999762E-01
   1.236272E+10   6.719995E+01   1.004911E+08  -3.310457E+05   4.999762E-01
   1.261594E+10   6.404533E+01   9.862826E+07  -3.266937E+05   4.999762E-01
   1.287703E+10   6.098970E+01   9.676778E+07  -3.226859E+05   4.999762E-01
   1.314604E+10   5.803402E+01   9.491124E+07  -3.190120E+05   4.999762E-01
   1.342305E+10   5.517882E+01   9.306020E+07  -3.156656E+05   4.999762E-01
   1.370811E+10   5.242418E+01   9.121612E+07  -3.126464E+05   4.999762E-01
   1.400130E+10   4.976979E+01   8.938035E+07  -3.099626E+05   4.999762E-01
   1.430265E+10   4.721500E+01   8.755417E+07  -3.076300E+05   4.999762E-01
   1.461224E+10   4.475883E+01   8.573874E+07  -3.056706E+05   4.999762E-01
   1.493010E+10   4.239999E+01   8.393516E+07  -3.041085E+05   4.999762E-01
   1.525629E+10   4.013697E+01   8.214440E+07  -3.029664E+05   4.999762E-01
   1.559086E+10   3.796800E+01   8.036738E+07  -3.022621E+05   4.999762E-01
   1.593386E+10   3.589112E+01   7.860490E+07  -3.020064E+05   4.999762E-01
   1.628532E+10   3.390422E+01   7.685769E+07  -3.022034E+05   4.999762E-01
   1.664531E+10   3.200502E+01   7.512643E+07  -3.028524E+05   4.999762E-01
   1.701386E+10   3.019108E+01   7.341174E+07  -3.039513E+05   4.999762E-01
   1.739111E+10   2.844850E+01   7.157889E+07  -3.054941E+05   4.999762E-01
   1.777753E+10   2.673958E+01   6.995038E+07  -3.074999E+05   4.999762E-01
   1.817377E+10   2.510848E+01   6.834350E+07  -3.099869E+05   4.999762E-01
   1.858041E+10   2.355394E+01   6.675494E+07  -3.129809E+05   4.999762E-01
   1.899805E+10   2.207266E+01   6.518360E+07  -3.165133E+05   4.999762E-01
   1.942735E+10   2.066147E+01   6.362844E+07  -3.206178E+05   4.999762E-01
   1.986902E+10   1.931742E+01   6.208838E+07  -3.253266E+05   4.999762E-01
   2.032383E+10   1.803768E+01   6.056243E+07  -3.306661E+05   4.999762E-01
   2.079264E+10   1.681959E+01   5.904955E+07  -3.366540E+05   4.999762E-01
   2.127638E+10   1.566062E+01   5.754874E+07  -3.432969E+05   4.999762E-01
   2.177605E+10   1.455841E+01   5.605899E+07  -3.505882E+05   4.999762E-01
   2.229280E+10   1.351067E+01   5.457928E+07  -3.585060E+05   4.999762E-01
   2.282787E+10   1.251528E+01   5.310857E+07  -3.670113E+05   4.999762E-01
   2.338264E+10   1.157020E+01   5.164584E+07  -3.760463E+05   4.999762E-01
   2.395867E+10   1.067351E+01   5.018998E+07  -3.855323E+05   4.999762E-01
   2.455767E+10   9.823383E+00   4.873991E+07  -3.953713E+05   4.999762E-01
   2.518160E+10   9.018081E+00   4.729444E+07  -4.054483E+05   4.999762E-01
   2.583266E+10   8.255952E+00   4.585237E+07  -4.156383E+05   4.999762E-01
   2.651336E+10   7.535428E+00   4.441239E+07  -4.258155E+05   4.999762E-01
   2.722655E+10   6.855009E+00   4.297310E+07  -4.358641E+05   4.999762E-01
   2.797554E+10   6.213269E+00   4.153296E+07  -4.456892E+05   4.999762E-01
   2.876415E+10   5.608846E+00   4.009029E+07  -4.552244E+05   4.999762E-01
   2.959684E+10   5.040441E+00   3.864323E+07  -4.644353E+05   4.999762E-01
   3.047890E+10   4.506815E+00   3.718967E+07  -4.733189E+05   4.999762E-01
   3.141661E+10   4.006792E+00   3.572721E+07  -4.818992E+05   4.999762E-01
   3.241755E+10   3.539254E+00   3.425310E+07  -4.902212E+05   4.999762E-01
   3.349097E+10   3.103141E+00   3.276414E+07  -4.983482E+05   4.999762E-01
   3.464837E+10   2.697454E+00   3.125656E+07  -5.063598E+05   4.999762E-01
   3.590421E+10   2.321253E+00   2.972582E+07  -5.143485E+05   4.999762E-01
   3.727716E+10   1.973661E+00   2.816640E+07  -5.223981E+05   4.999762E-01
   3.879184E+10   1.653869E+00   2.657144E+07  -5.305191E+05   4.999762E-01
   4.048175E+10   1.361141E+00   2.493227E+07  -5.385208E+05   4.999762E-01
   4.239425E+10   1.094831E+00   2.323764E+07  -5.458417E+05   4.999762E-01
   4.426512E+10   8.874763E-01   2.173386E+07  -5.502607E+05   4.999762E-01
   4.598458E+10   7.327037E-01   2.046473E+07  -5.530472E+05   4.999762E-01
   4.773864E+10   6.034520E-01   1.927559E+07  -5.542054E+05   4.999762E-01
   4.941276E+10   5.019969E-01   1.823345E+07  -5.540084E+05   4.999764E-01
   5.102762E+10   4.206080E-01   1.730649E+07  -5.527576E+05   4.999982E-01
   5.273067E+10   3.492863E-01   1.640840E+07  -5.505048E+05   5.000148E-01
   5.473609E+10   2.796676E-01   1.545115E+07  -5.464981E+05   5.015169E-01
   5.672667E+10   2.187898E-01   1.460408E+07  -5.427863E+05   5.124408E-01
   5.848297E+10   1.801525E-01   1.393965E+07  -5.384459E+05   5.179389E-01
   6.030912E+10   1.483599E-01   1.331855E+07  -5.334761E+05   5.228585E-01
   6.225289E+10   1.105453E-01   1.273668E+07  -5.276639E+05   5.650011E-01
   6.440686E+10   9.096745E-02   1.217073E+07  -5.207935E+05   5.757173E-01
   6.683729E+10   7.414049E-02   1.159956E+07  -5.126870E+05   5.865055E-01
   6.985581E+10   5.764264E-02   1.097519E+07  -5.014132E+05   6.063671E-01
   7.353337E+10   4.383283E-02   1.031942E+07  -4.883487E+05   6.292434E-01
   7.760109E+10   3.436531E-02   9.696015E+06  -4.738979E+05   6.399251E-01
   8.174121E+10   2.611350E-02   9.149512E+06  -4.600485E+05   6.757891E-01
   8.588732E+10   2.175483E-02   8.669781E+06  -4.456206E+05   6.798731E-01
   9.024358E+10   1.815289E-02   8.219316E+06  -4.307056E+05   6.838897E-01
   9.532696E+10   1.480356E-02   7.749798E+06  -4.122208E+05   6.908250E-01
   1.012701E+11   1.185028E-02   7.270616E+06  -3.933707E+05   7.003788E-01
   1.076585E+11   9.622839E-03   6.820232E+06  -3.753205E+05   7.037906E-01
   1.139549E+11   7.949473E-03   6.431032E+06  -3.614508E+05   7.071014E-01
   1.200213E+11   6.706136E-03   6.095114E+06  -3.505173E+05   7.080223E-01
   1.262199E+11   5.685159E-03   5.786688E+06  -3.434746E+05   7.089843E-01
   1.329995E+11   4.782469E-03   5.482452E+06  -3.413352E+05   7.103901E-01
   1.403709E+11   3.993640E-03   5.188085E+06  -3.453168E+05   7.138023E-01
   1.478658E+11   3.372212E-03   4.920403E+06  -3.520477E+05   7.153082E-01
   1.567197E+11   2.786820E-03   4.635836E+06  -3.550210E+05   7.173057E-01
   1.671783E+11   2.266804E-03   4.344015E+06  -3.378845E+05   7.185860E-01
   1.769740E+11   1.895403E-03   4.106620E+06  -3.113128E+05   7.196298E-01
   1.860117E+11   1.618778E-03   3.909434E+06  -2.776643E+05   7.209010E-01
   1.954449E+11   1.386996E-03   3.724380E+06  -2.418405E+05   7.213840E-01
   2.067408E+11   1.162552E-03   3.524515E+06  -1.960199E+05   7.217387E-01
   2.201497E+11   9.561382E-04   3.317678E+06  -1.544848E+05   7.221261E-01
   2.344825E+11   7.859635E-04   3.124984E+06  -1.206900E+05   7.224492E-01
   2.490590E+11   6.517518E-04   2.954382E+06  -1.070157E+05   7.228034E-01
   2.639026E+11   5.442070E-04   2.801936E+06  -7.659084E+04   7.228917E-01
   2.797783E+11   4.541631E-04   2.661517E+06  -8.290783E+03   7.229822E-01
   2.980015E+11   3.638857E-04   2.523188E+06   3.151895E+04   7.395613E-01
   3.194818E+11   2.626046E-04   2.385046E+06   7.783214E+03   8.263499E-01
   3.419091E+11   2.273603E-04   2.261298E+06  -2.687226E+04   8.267735E-01
   3.662619E+11   1.964821E-04   2.141596E+06  -3.712897E+04   8.267736E-01
   3.928079E+11   1.700744E-04   2.029224E+06  -2.200236E+04   8.267737E-01
   4.161112E+11   1.513947E-04   1.942791E+06   3.157020E+03   8.267738E-01
   4.362622E+11   1.376155E-04   1.874551E+06   5.135244E+04   8.267739E-01
   4.561197E+11   1.260913E-04   1.814029E+06   1.400605E+05   8.267740E-01
   4.783599E+11   1.150278E-04   1.752492E+06   2.890854E+05   8.267741E-01
   5.030488E+11   1.043986E-04   1.689702E+06   3.082615E+05   8.267743E-01
   5.276196E+11   9.474419E-05   1.629047E+06   2.189462E+05   8.267745E-01
   5.567141E+11   8.468823E-05   1.561521E+06   1.748243E+05   8.267747E-01
   5.902649E+11   7.547744E-05   1.495004E+06   1.805882E+05   8.267749E-01
   6.236204E+11   6.778503E-05   1.435364E+06   1.513624E+05   8.267751E-01
   6.589412E+11   6.079588E-05   1.377316E+06   9.430632E+04   8.267754E-01
   6.977096E+11   5.433412E-05   1.319738E+06   5.455617E+04   8.267757E-01
   7.372410E+11   4.879732E-05   1.266838E+06   6.777118E+04   8.267760E-01
   7.844246E+11   4.315819E-05   1.209181E+06   2.248816E+04   8.267763E-01
   8.383648E+11   3.808288E-05   1.152654E+06   1.162014E+05   8.267766E-01
   8.810320E+11   3.495908E-05   1.115278E+06   2.016355E+05   8.267770E-01
   9.221282E+11   3.226635E-05   1.081401E+06   2.605122E+05   8.267773E-01
   9.725348E+11   2.917247E-05   1.040305E+06   1.426859E+05   8.267777E-01
   1.029900E+12   2.597448E-05   9.948373E+05  -3.099404E+04   8.267781E-01
   1.093592E+12   2.313358E-05   9.513535E+05  -9.830418E+04   8.267786E-01
   1.152671E+12   2.102372E-05   9.168018E+05  -1.054282E+05   8.267789E-01
   1.214919E+12   1.910877E-05   8.834754E+05  -9.876638E+04   8.267794E-01
   1.289405E+12   1.718470E-05   8.477826E+05  -8.724352E+04   8.267798E-01
   1.365823E+12   1.554855E-05   8.153769E+05  -6.496517E+04   8.267803E-01
   1.443701E+12   1.413021E-05   7.854836E+05  -3.839943E+04   8.267807E-01
   1.519502E+12   1.295856E-05   7.593222E+05  -2.228139E+04   8.267812E-01
   1.591126E+12   1.198129E-05   7.363304E+05  -1.276479E+04   8.267816E-01
   1.653561E+12   1.123453E-05   7.179495E+05  -8.768341E+03   8.267819E-01
   1.705218E+12   1.066586E-05   7.034268E+05  -6.307013E+03   8.267821E-01
   1.763857E+12   1.007108E-05   6.877032E+05  -4.448270E+03   8.267824E-01
   1.829371E+12   9.474712E-06   6.713367E+05  -3.198914E+03   8.267827E-01
   1.887036E+12   9.001255E-06   6.578736E+05  -2.440305E+03   8.267830E-01
   1.936981E+12   8.619620E-06   6.466916E+05  -1.830336E+03   8.267832E-01
   1.986583E+12   8.267013E-06   6.360786E+05  -1.349131E+03   8.267834E-01
   2.042931E+12   7.892537E-06   6.244891E+05  -8.853370E+02   8.267837E-01
   2.105931E+12   7.509625E-06   6.122739E+05  -5.571502E+02   8.267840E-01
   2.168408E+12   7.160147E-06   6.007769E+05  -3.147348E+02   8.267842E-01
   2.240380E+12   6.787239E-06   5.881112E+05   1.245443E+01   8.267845E-01
   2.325109E+12   6.391488E-06   5.741798E+05   3.092259E+02   8.267848E-01
   2.416032E+12   6.008916E-06   5.601848E+05   5.707026E+02   8.267851E-01
   2.502602E+12   5.682760E-06   5.478028E+05   6.401308E+02   8.267854E-01
   2.584580E+12   5.398502E-06   5.366404E+05   6.283045E+02   8.267857E-01
   2.672640E+12   5.119338E-06   5.253112E+05   7.017574E+02   8.267860E-01
   2.777769E+12   4.814775E-06   5.124976E+05   7.655280E+02   8.267863E-01
   2.901746E+12   4.495982E-06   4.985259E+05   8.380027E+02   8.267867E-01
   3.024205E+12   4.217382E-06   4.857958E+05   5.625225E+02   8.267871E-01
   3.144905E+12   3.968850E-06   4.739844E+05   6.023502E+02   8.267874E-01
   3.263650E+12   3.749749E-06   4.631793E+05   7.507027E+02   8.267877E-01
   3.381506E+12   3.550564E-06   4.530058E+05   5.914228E+02   8.267879E-01
   3.501286E+12   3.367167E-06   4.433163E+05   5.745800E+02   8.267882E-01
   3.616684E+12   3.205161E-06   4.344768E+05   7.712972E+02   8.267885E-01
   3.730979E+12   3.057517E-06   4.261729E+05   8.836803E+02   8.267887E-01
   3.844249E+12   2.922332E-06   4.183457E+05   8.141226E+02   8.267890E-01
   3.956571E+12   2.798076E-06   4.109481E+05   6.954139E+02   8.267892E-01
   4.068015E+12   2.683496E-06   4.039413E+05   6.902804E+02   8.267894E-01
   4.178645E+12   2.577508E-06   3.972905E+05   7.949846E+02   8.267896E-01
   4.288522E+12   2.479135E-06   3.909622E+05   8.340887E+02   8.267898E-01
   4.397706E+12   2.387530E-06   3.849259E+05   7.481329E+02   8.267900E-01
   4.506253E+12   2.302012E-06   3.791580E+05   7.074187E+02   8.267902E-01
   4.614218E+12   2.222012E-06   3.736393E+05   8.358040E+02   8.267904E-01
   4.721649E+12   2.146998E-06   3.683500E+05   1.025562E+03   8.267905E-01
   4.828593E+12   2.076466E-06   3.632701E+05   1.111752E+03   8.267907E-01
   4.935100E+12   2.009989E-06   3.583821E+05   1.076414E+03   8.267909E-01
   5.041216E+12   1.947217E-06   3.536726E+05   1.009702E+03   8.267910E-01
   5.146982E+12   1.887847E-06   3.491300E+05   9.684321E+02   8.267912E-01
   5.252442E+12   1.831598E-06   3.447428E+05   9.368366E+02   8.267913E-01
   5.357635E+12   1.778209E-06   3.404998E+05   8.690667E+02   8.267914E-01
   5.462601E+12   1.727444E-06   3.363907E+05   7.233484E+02   8.267916E-01
   5.567378E+12   1.679095E-06   3.324063E+05   5.096044E+02   8.267917E-01
   5.672004E+12   1.632993E-06   3.285395E+05   3.685961E+02   8.267918E-01
   5.776513E+12   1.589010E-06   3.247861E+05   5.716755E+02   8.267919E-01
   5.880937E+12   1.547044E-06   3.211433E+05   1.352159E+03   8.267921E-01
   5.985303E+12   1.506974E-06   3.176068E+05   2.685083E+03   8.267922E-01
   6.089640E+12   1.468641E-06   3.141678E+05   4.233551E+03   8.267923E-01
   6.193977E+12   1.431861E-06   3.108149E+05   5.530960E+03   8.267924E-01
   6.298350E+12   1.396465E-06   3.075371E+05   6.248205E+03   8.267925E-01
   6.402797E+12   1.362335E-06   3.043271E+05   6.342781E+03   8.267927E-01
   6.507355E+12   1.329404E-06   3.011819E+05   6.022105E+03   8.267927E-01
   6.612061E+12   1.297636E-06   2.981014E+05   5.601233E+03   8.267928E-01
   6.716945E+12   1.267005E-06   2.950861E+05   5.361166E+03   8.267930E-01
   6.822037E+12   1.237476E-06   2.921357E+05   5.450586E+03   8.267930E-01
   6.927362E+12   1.208993E-06   2.892475E+05   5.840287E+03   8.267931E-01
   7.032947E+12   1.181482E-06   2.864171E+05   6.345417E+03   8.267932E-01
   7.138821E+12   1.154857E-06   2.836383E+05   6.714167E+03   8.267933E-01
   7.245015E+12   1.129038E-06   2.809052E+05   6.740599E+03   8.267934E-01
   7.351564E+12   1.103961E-06   2.782132E+05   6.340700E+03   8.267935E-01
   7.458501E+12   1.079585E-06   2.755597E+05   5.559821E+03   8.267936E-01
   7.565861E+12   1.055885E-06   2.729436E+05   4.528959E+03   8.267937E-01
   7.673677E+12   1.032842E-06   2.703648E+05   3.407226E+03   8.267937E-01
   7.781980E+12   1.010444E-06   2.678234E+05   2.336244E+03   8.267938E-01
   7.890801E+12   9.886727E-07   2.653190E+05   1.414928E+03   8.267939E-01
   8.000167E+12   9.675065E-07   2.628509E+05   6.925090E+02   8.267940E-01
   8.110108E+12   9.469200E-07   2.604177E+05   1.747019E+02   8.267941E-01
   8.220651E+12   9.268851E-07   2.580176E+05  -1.623230E+02   8.267941E-01
   8.331826E+12   9.073734E-07   2.556488E+05  -3.559414E+02   8.267942E-01
   8.443661E+12   8.883570E-07   2.533091E+05  -4.442670E+02   8.267943E-01
   8.556189E+12   8.698103E-07   2.509969E+05  -4.591398E+02   8.267944E-01
   8.669439E+12   8.517097E-07   2.487103E+05  -4.243923E+02   8.267944E-01
   8.783446E+12   8.340339E-07   2.464478E+05  -3.572267E+02   8.267945E-01
   8.898240E+12   8.167631E-07   2.442080E+05  -2.703125E+02   8.267946E-01
   9.013857E+12   7.998792E-07   2.419895E+05  -1.727670E+02   8.267947E-01
   9.130330E+12   7.833654E-07   2.397912E+05  -6.980416E+01   8.267947E-01
   9.247695E+12   7.672060E-07   2.376117E+05   3.727586E+01   8.267948E-01
   9.365988E+12   7.513868E-07   2.354501E+05   1.490392E+02   8.267949E-01
   9.485245E+12   7.358942E-07   2.333054E+05   2.642204E+02   8.267949E-01
   9.605505E+12   7.207148E-07   2.311764E+05   3.767238E+02   8.267950E-01
   9.726804E+12   7.058355E-07   2.290621E+05   4.752964E+02   8.267950E-01
   9.849184E+12   6.912437E-07   2.269614E+05   5.457639E+02   8.267951E-01
   9.972685E+12   6.769271E-07   2.248731E+05   5.741927E+02   8.267952E-01
   1.009735E+13   6.628741E-07   2.227963E+05   5.494900E+02   8.267953E-01
   1.022322E+13   6.490743E-07   2.207299E+05   4.647914E+02   8.267953E-01
   1.035034E+13   6.355175E-07   2.186730E+05   3.175356E+02   8.267954E-01
   1.047878E+13   6.221941E-07   2.166245E+05   1.087117E+02   8.267955E-01
   1.060857E+13   6.090956E-07   2.145837E+05  -1.578831E+02   8.267955E-01
   1.073979E+13   5.962136E-07   2.125497E+05  -4.760888E+02   8.267956E-01
   1.087248E+13   5.835406E-07   2.105217E+05  -8.369149E+02   8.267956E-01
   1.100670E+13   5.710700E-07   2.084989E+05  -1.222641E+03   8.267957E-01
   1.114252E+13   5.587966E-07   2.064809E+05  -1.589683E+03   8.267958E-01
   1.128000E+13   5.467185E-07   2.044677E+05  -1.847655E+03   8.267958E-01
   1.141921E+13   5.348377E-07   2.024599E+05  -1.863040E+03   8.267959E-01
   1.156019E+13   5.231578E-07   2.004584E+05  -1.512800E+03   8.267959E-01
   1.170303E+13   5.116780E-07   1.984635E+05  -7.691469E+02   8.267960E-01
   1.184777E+13   5.003878E-07   1.964737E+05   2.466570E+02   8.267961E-01
   1.199450E+13   4.892673E-07   1.944861E+05   1.295561E+03   8.267961E-01
   1.214328E+13   4.782925E-07   1.924966E+05   2.128945E+03   8.267961E-01
   1.229420E+13   4.674447E-07   1.905019E+05   2.604237E+03   8.267962E-01
   1.244736E+13   4.567157E-07   1.885004E+05   2.735081E+03   8.267962E-01
   1.260285E+13   4.461073E-07   1.864924E+05   2.656452E+03   8.267963E-01
   1.276077E+13   4.356264E-07   1.844788E+05   2.542040E+03   8.267964E-01
   1.292121E+13   4.252793E-07   1.824609E+05   2.527146E+03   8.267964E-01
   1.308427E+13   4.150676E-07   1.804387E+05   2.667271E+03   8.267965E-01
   1.325007E+13   4.049878E-07   1.784117E+05   2.933483E+03   8.267965E-01
   1.341869E+13   3.950318E-07   1.763781E+05   3.230894E+03   8.267966E-01
   1.359027E+13   3.851887E-07   1.743357E+05   3.428125E+03   8.267967E-01
   1.376492E+13   3.754473E-07   1.722818E+05   3.394069E+03   8.267967E-01
   1.394278E+13   3.657982E-07   1.702143E+05   3.040169E+03   8.267967E-01
   1.412400E+13   3.562360E-07   1.681314E+05   2.356567E+03   8.267968E-01
   1.430873E+13   3.467605E-07   1.660325E+05   1.424071E+03   8.267968E-01
   1.449713E+13   3.373761E-07   1.639180E+05   3.908665E+02   8.267969E-01
   1.468936E+13   3.280892E-07   1.617886E+05  -5.772349E+02   8.267969E-01
   1.488560E+13   3.189051E-07   1.596450E+05  -1.348689E+03   8.267970E-01
   1.508603E+13   3.098261E-07   1.574870E+05  -1.857624E+03   8.267971E-01
   1.529083E+13   3.008508E-07   1.553140E+05  -2.106374E+03   8.267971E-01
   1.550019E+13   2.919749E-07   1.531241E+05  -2.145521E+03   8.267972E-01
   1.571434E+13   2.831929E-07   1.509155E+05  -2.045335E+03   8.267972E-01
   1.593349E+13   2.744990E-07   1.486859E+05  -1.871612E+03   8.267972E-01
   1.615766E+13   2.658983E-07   1.464356E+05  -1.673272E+03   8.267973E-01
   1.638657E+13   2.574052E-07   1.441677E+05  -1.479703E+03   8.267974E-01
   1.661997E+13   2.490339E-07   1.418854E+05  -1.304812E+03   8.267974E-01
   1.685756E+13   2.407981E-07   1.395919E+05  -1.152933E+03   8.267975E-01
   1.709905E+13   2.327104E-07   1.372906E+05  -1.023600E+03   8.267975E-01
   1.734411E+13   2.247826E-07   1.349847E+05  -9.144690E+02   8.267975E-01
   1.759242E+13   2.170251E-07   1.326776E+05  -8.227628E+02   8.267976E-01
   1.784363E+13   2.094473E-07   1.303724E+05  -7.458671E+02   8.267977E-01
   1.809738E+13   2.020572E-07   1.280723E+05  -6.815024E+02   8.267977E-01
   1.835331E+13   1.948619E-07   1.257804E+05  -6.276946E+02   8.267978E-01
   1.861103E+13   1.878672E-07   1.234996E+05  -5.827007E+02   8.267978E-01
   1.887017E+13   1.810780E-07   1.212328E+05  -5.450007E+02   8.267978E-01
   1.913033E+13   1.744979E-07   1.189829E+05  -5.133938E+02   8.267979E-01
   1.939109E+13   1.681300E-07   1.167525E+05  -4.871360E+02   8.267980E-01
   1.965205E+13   1.619762E-07   1.145442E+05  -4.659130E+02   8.267980E-01
   1.991281E+13   1.560375E-07   1.123608E+05  -4.492984E+02   8.267980E-01
   2.017294E+13   1.503143E-07   1.102044E+05  -4.356418E+02   8.267981E-01
   2.043202E+13   1.448063E-07   1.080776E+05  -4.212729E+02   8.267981E-01
   2.068963E+13   1.395125E-07   1.059827E+05  -4.014081E+02   8.267981E-01
   2.094536E+13   1.344314E-07   1.039219E+05  -3.729085E+02   8.267982E-01
   2.119878E+13   1.295608E-07   1.018972E+05  -3.369400E+02   8.267982E-01
   2.144948E+13   1.248978E-07   9.991058E+04  -2.991357E+02   8.267983E-01
   2.169706E+13   1.204391E-07   9.796395E+04  -2.668618E+02   8.267983E-01
   2.194112E+13   1.161810E-07   9.605898E+04  -2.455536E+02   8.267983E-01
   2.218127E+13   1.121194E-07   9.419735E+04  -2.365258E+02   8.267983E-01
   2.241756E+13   1.082433E-07   9.237741E+04  -2.371811E+02   8.267984E-01
   2.265044E+13   1.045360E-07   9.059447E+04  -2.427755E+02   8.267984E-01
   2.288037E+13   1.009824E-07   8.884407E+04  -2.482229E+02   8.267984E-01
   2.310778E+13   9.756884E-08   8.712201E+04  -2.493931E+02   8.267984E-01
   2.333310E+13   9.428301E-08   8.542422E+04  -2.438212E+02   8.267985E-01
   2.355674E+13   9.111358E-08   8.374677E+04  -2.310059E+02   8.267985E-01
   2.377914E+13   8.805017E-08   8.208578E+04  -2.123847E+02   8.267985E-01
   2.400070E+13   8.508325E-08   8.043746E+04  -1.909233E+02   8.267986E-01
   2.422184E+13   8.220401E-08   7.879800E+04  -1.702555E+02   8.267986E-01
   2.444298E+13   7.940431E-08   7.716361E+04  -1.535172E+02   8.267986E-01
   2.466456E+13   7.667662E-08   7.553044E+04  -1.422716E+02   8.267986E-01
   2.488702E+13   7.401395E-08   7.389457E+04  -1.359985E+02   8.267986E-01
   2.511082E+13   7.140981E-08   7.225198E+04  -1.324163E+02   8.267987E-01
   2.533645E+13   6.885809E-08   7.059848E+04  -1.284881E+02   8.267987E-01
   2.556441E+13   6.635303E-08   6.892962E+04  -1.215939E+02   8.267987E-01
   2.579523E+13   6.388916E-08   6.724065E+04  -1.102731E+02   8.267987E-01
   2.602949E+13   6.146121E-08   6.552642E+04  -9.423991E+01   8.267987E-01
   2.626782E+13   5.906412E-08   6.378128E+04  -7.385658E+01   8.267987E-01
   2.651088E+13   5.669299E-08   6.199898E+04  -4.956736E+01   8.267988E-01
   2.675941E+13   5.434306E-08   6.017254E+04  -2.172224E+01   8.267988E-01
   2.701424E+13   5.200969E-08   5.829398E+04   9.159298E+00   8.267988E-01
   2.727627E+13   4.968830E-08   5.635419E+04   4.199085E+01   8.267989E-01
   2.754654E+13   4.737431E-08   5.434247E+04   7.496493E+01   8.267989E-01
   2.782622E+13   4.506315E-08   5.224617E+04   1.058559E+02   8.267989E-01
   2.811667E+13   4.275019E-08   5.005000E+04   1.328812E+02   8.267989E-01
   2.841944E+13   4.043078E-08   4.773520E+04   1.563337E+02   8.267989E-01
   2.873638E+13   3.810019E-08   4.527823E+04   1.817939E+02   8.267989E-01
   2.906971E+13   3.575384E-08   4.264892E+04   2.292427E+02   8.267990E-01
   2.942206E+13   3.338775E-08   3.980761E+04   3.581877E+02   8.267990E-01
   2.979668E+13   3.099974E-08   3.670066E+04   6.827620E+02   8.267990E-01
   3.013662E+13   2.894711E-08   3.378376E+04   1.050379E+03   8.267990E-01
   3.041660E+13   2.734300E-08   3.129301E+04   1.394643E+03   8.267990E-01
   3.074254E+13   2.557777E-08   2.827193E+04   1.674683E+03   8.267990E-01
   3.112152E+13   2.366599E-08   2.455262E+04   1.330957E+03   8.267990E-01
   3.142656E+13   2.225302E-08   2.136708E+04   7.474609E+02   8.267991E-01
   3.164737E+13   2.126657E-08   1.900163E+04   2.012926E+01   8.267991E-01
   3.185237E+13   2.020115E-08   1.696108E+04  -9.173494E+02   8.267991E-01
   3.203277E+13   1.894359E-08   1.550334E+04  -1.725909E+03   8.267991E-01
   3.221579E+13   1.736056E-08   1.439352E+04  -2.843395E+03   8.267991E-01
   3.242488E+13   1.536198E-08   1.340529E+04  -3.635592E+03   8.267992E-01
   3.263439E+13   1.336794E-08   1.256074E+04  -3.600894E+03   8.267992E-01
   3.282982E+13   1.161801E-08   1.179958E+04  -2.339246E+03   8.267992E-01
   3.298039E+13   1.040186E-08   1.116924E+04  -7.465153E+02   8.267992E-01
   3.311333E+13   9.486839E-09   1.052197E+04   1.664798E+03   8.267992E-01
   3.325581E+13   8.789272E-09   9.532159E+03   3.510656E+03   8.267992E-01
   3.337301E+13   1.021195E-08   6.767224E+03   7.100396E+02   8.267992E-01
   3.344728E+13   1.066837E-08   4.447130E+03   9.638614E+02   8.267992E-01
   3.348822E+13   9.038794E-09   3.880856E+03   1.463552E+03   8.267992E-01
   3.351385E+13   7.735141E-09   3.693486E+03   2.065480E+03   8.267992E-01
   3.354320E+13   6.244217E-09   3.565593E+03   3.037826E+03   8.310471E-01
   3.357796E+13   4.602192E-09   3.456165E+03   4.125530E+03   8.528817E-01
   3.360735E+13   3.648380E-09   3.386081E+03   4.842658E+03   8.528894E-01
   3.363123E+13   3.016308E-09   3.343790E+03   5.551958E+03   8.528895E-01
   3.365657E+13   2.453196E-09   3.308832E+03   6.238909E+03   8.528895E-01
   3.368482E+13   1.941043E-09   3.278637E+03   6.874172E+03   8.528895E-01
   3.371463E+13   1.506344E-09   3.253555E+03   7.295336E+03   8.528895E-01
   3.374440E+13   1.166717E-09   3.233695E+03   7.480143E+03   8.528895E-01
   3.377331E+13   9.070364E-10   3.217913E+03   7.410332E+03   8.528895E-01
   3.379837E+13   7.273653E-10   3.206175E+03   7.182514E+03   8.528895E-01
   3.382422E+13   5.821050E-10   3.195894E+03   6.636046E+03   8.528895E-01
   3.385735E+13   4.368296E-10   3.184719E+03   5.571624E+03   8.528895E-01
   3.389866E+13   3.048465E-10   3.172734E+03   3.808463E+03   8.528895E-01
   3.404006E+13   1.185706E-10   3.150903E+03  -5.956555E+03   8.528895E-01
