# VX-G15 from Rampp & Janka (2002)
number of variables = 3
number of lines = 400
dens
temp
ye  
   1.167000E+04   3.762000E+14   1.536439E+11   2.663000E-01
   3.500000E+04   3.741000E+14   1.565450E+11   2.776000E-01
   5.833000E+04   3.742000E+14   1.537600E+11   2.773000E-01
   9.272000E+04   3.726000E+14   1.528316E+11   2.770000E-01
   1.302000E+05   3.704000E+14   1.510909E+11   2.772000E-01
   1.545000E+05   3.684000E+14   1.503947E+11   2.775000E-01
   1.703000E+05   3.670000E+14   1.498144E+11   2.774000E-01
   1.806000E+05   3.661000E+14   1.494663E+11   2.774000E-01
   1.872000E+05   3.654000E+14   1.492342E+11   2.774000E-01
   1.925000E+05   3.649000E+14   1.490021E+11   2.774000E-01
   1.980000E+05   3.643000E+14   1.487700E+11   2.773000E-01
   2.036000E+05   3.637000E+14   1.485379E+11   2.773000E-01
   2.094000E+05   3.630000E+14   1.483058E+11   2.773000E-01
   2.153000E+05   3.624000E+14   1.480737E+11   2.772000E-01
   2.214000E+05   3.616000E+14   1.478416E+11   2.772000E-01
   2.277000E+05   3.609000E+14   1.476096E+11   2.771000E-01
   2.342000E+05   3.601000E+14   1.472614E+11   2.771000E-01
   2.408000E+05   3.592000E+14   1.470293E+11   2.770000E-01
   2.476000E+05   3.583000E+14   1.466812E+11   2.769000E-01
   2.547000E+05   3.574000E+14   1.464491E+11   2.769000E-01
   2.619000E+05   3.563000E+14   1.461010E+11   2.768000E-01
   2.693000E+05   3.553000E+14   1.457528E+11   2.767000E-01
   2.770000E+05   3.541000E+14   1.454047E+11   2.767000E-01
   2.848000E+05   3.529000E+14   1.449405E+11   2.766000E-01
   2.929000E+05   3.517000E+14   1.445924E+11   2.765000E-01
   3.012000E+05   3.503000E+14   1.441282E+11   2.764000E-01
   3.098000E+05   3.489000E+14   1.436640E+11   2.764000E-01
   3.186000E+05   3.475000E+14   1.429678E+11   2.763000E-01
   3.276000E+05   3.460000E+14   1.420394E+11   2.761000E-01
   3.369000E+05   3.445000E+14   1.409950E+11   2.760000E-01
   3.465000E+05   3.428000E+14   1.400666E+11   2.758000E-01
   3.563000E+05   3.410000E+14   1.396024E+11   2.757000E-01
   3.664000E+05   3.388000E+14   1.396024E+11   2.756000E-01
   3.768000E+05   3.366000E+14   1.396024E+11   2.756000E-01
   3.875000E+05   3.343000E+14   1.393703E+11   2.755000E-01
   3.985000E+05   3.319000E+14   1.390222E+11   2.753000E-01
   4.098000E+05   3.293000E+14   1.384420E+11   2.752000E-01
   4.214000E+05   3.267000E+14   1.378618E+11   2.751000E-01
   4.334000E+05   3.238000E+14   1.371655E+11   2.750000E-01
   4.457000E+05   3.209000E+14   1.364692E+11   2.748000E-01
   4.583000E+05   3.177000E+14   1.357729E+11   2.747000E-01
   4.713000E+05   3.144000E+14   1.349606E+11   2.746000E-01
   4.847000E+05   3.109000E+14   1.341483E+11   2.745000E-01
   4.984000E+05   3.072000E+14   1.334520E+11   2.743000E-01
   5.126000E+05   3.033000E+14   1.326397E+11   2.742000E-01
   5.271000E+05   2.992000E+14   1.317114E+11   2.740000E-01
   5.421000E+05   2.947000E+14   1.307830E+11   2.739000E-01
   5.575000E+05   2.902000E+14   1.292744E+11   2.738000E-01
   5.733000E+05   2.854000E+14   1.279979E+11   2.736000E-01
   5.896000E+05   2.799000E+14   1.278819E+11   2.737000E-01
   6.063000E+05   2.745000E+14   1.264893E+11   2.734000E-01
   6.235000E+05   2.684000E+14   1.261412E+11   2.736000E-01
   6.412000E+05   2.623000E+14   1.248647E+11   2.733000E-01
   6.594000E+05   2.558000E+14   1.237042E+11   2.736000E-01
   6.781000E+05   2.498000E+14   1.202229E+11   2.728000E-01
   6.973000E+05   2.415000E+14   1.216154E+11   2.736000E-01
   7.171000E+05   2.348000E+14   1.175538E+11   2.729000E-01
   7.375000E+05   2.259000E+14   1.187143E+11   2.735000E-01
   7.584000E+05   2.183000E+14   1.145947E+11   2.731000E-01
   7.799000E+05   2.086000E+14   1.150357E+11   2.733000E-01
   8.021000E+05   1.983000E+14   1.157667E+11   2.739000E-01
   8.248000E+05   1.884000E+14   1.139796E+11   2.736000E-01
   8.482001E+05   1.759000E+14   1.175538E+11   2.742000E-01
   8.722999E+05   1.640000E+14   1.183662E+11   2.750000E-01
   8.970000E+05   1.522000E+14   1.184822E+11   2.732000E-01
   9.225001E+05   1.369000E+14   1.241684E+11   2.754000E-01
   9.487001E+05   1.242000E+14   1.249807E+11   2.745000E-01
   9.755999E+05   1.095000E+14   1.291584E+11   2.755000E-01
   1.003000E+06   9.484000E+13   1.328718E+11   2.787000E-01
   1.032000E+06   8.169000E+13   1.368174E+11   2.793000E-01
   1.061000E+06   6.792000E+13   1.431998E+11   2.847000E-01
   1.091000E+06   5.672000E+13   1.483058E+11   2.899000E-01
   1.122000E+06   4.860000E+13   1.515551E+11   2.906000E-01
   1.154000E+06   4.226000E+13   1.534118E+11   2.888000E-01
   1.187000E+06   3.689000E+13   1.545723E+11   2.873000E-01
   1.220000E+06   3.224000E+13   1.553846E+11   2.863000E-01
   1.255000E+06   2.817000E+13   1.561969E+11   2.864000E-01
   1.291000E+06   2.468000E+13   1.566611E+11   2.869000E-01
   1.327000E+06   2.170000E+13   1.571253E+11   2.875000E-01
   1.365000E+06   1.915000E+13   1.572413E+11   2.882000E-01
   1.404000E+06   1.697000E+13   1.572413E+11   2.889000E-01
   1.443000E+06   1.510000E+13   1.570092E+11   2.897000E-01
   1.484000E+06   1.349000E+13   1.566611E+11   2.906000E-01
   1.527000E+06   1.209000E+13   1.559648E+11   2.914000E-01
   1.570000E+06   1.088000E+13   1.550365E+11   2.924000E-01
   1.614000E+06   9.826000E+12   1.538760E+11   2.935000E-01
   1.660000E+06   8.904000E+12   1.524835E+11   2.946000E-01
   1.707000E+06   8.099000E+12   1.507428E+11   2.958000E-01
   1.756000E+06   7.393000E+12   1.488861E+11   2.968000E-01
   1.805000E+06   6.773000E+12   1.466812E+11   2.975000E-01
   1.857000E+06   6.224000E+12   1.442442E+11   2.980000E-01
   1.909000E+06   5.737000E+12   1.416913E+11   2.984000E-01
   1.964000E+06   5.304000E+12   1.387901E+11   2.983000E-01
   2.019000E+06   4.914000E+12   1.358890E+11   2.980000E-01
   2.077000E+06   4.563000E+12   1.328718E+11   2.974000E-01
   2.136000E+06   4.247000E+12   1.297386E+11   2.962000E-01
   2.196000E+06   3.957000E+12   1.264893E+11   2.948000E-01
   2.259000E+06   3.693000E+12   1.231240E+11   2.930000E-01
   2.323000E+06   3.447000E+12   1.198747E+11   2.910000E-01
   2.389000E+06   3.219000E+12   1.166255E+11   2.887000E-01
   2.456000E+06   3.004000E+12   1.134690E+11   2.865000E-01
   2.526000E+06   2.804000E+12   1.103590E+11   2.838000E-01
   2.598000E+06   2.615000E+12   1.073186E+11   2.810000E-01
   2.671000E+06   2.439000E+12   1.043479E+11   2.778000E-01
   2.747000E+06   2.273000E+12   1.014816E+11   2.745000E-01
   2.825000E+06   2.116000E+12   9.873130E+10   2.707000E-01
   2.905000E+06   1.967000E+12   9.609708E+10   2.671000E-01
   2.988000E+06   1.826000E+12   9.360210E+10   2.633000E-01
   3.073000E+06   1.692000E+12   9.119996E+10   2.595000E-01
   3.160000E+06   1.567000E+12   8.891387E+10   2.556000E-01
   3.249000E+06   1.448000E+12   8.670901E+10   2.517000E-01
   3.341000E+06   1.336000E+12   8.458538E+10   2.478000E-01
   3.436000E+06   1.232000E+12   8.257780E+10   2.440000E-01
   3.534000E+06   1.134000E+12   8.063984E+10   2.405000E-01
   3.634000E+06   1.042000E+12   7.880633E+10   2.371000E-01
   3.737000E+06   9.559000E+11   7.705404E+10   2.341000E-01
   3.843000E+06   8.762000E+11   7.534818E+10   2.312000E-01
   3.952000E+06   8.019000E+11   7.368874E+10   2.286000E-01
   4.065000E+06   7.333000E+11   7.200607E+10   2.261000E-01
   4.180000E+06   6.699000E+11   7.031182E+10   2.235000E-01
   4.298000E+06   6.121000E+11   6.858274E+10   2.210000E-01
   4.420000E+06   5.592000E+11   6.684207E+10   2.185000E-01
   4.546000E+06   5.109000E+11   6.510139E+10   2.161000E-01
   4.675000E+06   4.664000E+11   6.336071E+10   2.139000E-01
   4.808000E+06   4.259000E+11   6.168966E+10   2.120000E-01
   4.944000E+06   3.890000E+11   6.009983E+10   2.102000E-01
   5.084000E+06   3.552000E+11   5.854483E+10   2.087000E-01
   5.228000E+06   3.241000E+11   5.694341E+10   2.071000E-01
   5.377000E+06   2.952000E+11   5.515631E+10   2.055000E-01
   5.529000E+06   2.695000E+11   5.327638E+10   2.035000E-01
   5.686000E+06   2.466000E+11   5.125718E+10   2.014000E-01
   5.848000E+06   2.257000E+11   4.912195E+10   1.993000E-01
   6.014000E+06   2.077000E+11   4.682426E+10   1.967000E-01
   6.184000E+06   1.915000E+11   4.427126E+10   1.946000E-01
   6.360000E+06   1.789000E+11   4.149778E+10   1.927000E-01
   6.540000E+06   1.672000E+11   3.832975E+10   1.934000E-01
   6.726000E+06   1.546000E+11   3.526615E+10   1.992000E-01
   6.917000E+06   1.383000E+11   3.242304E+10   2.229000E-01
   7.113000E+06   1.139000E+11   2.872120E+10   2.875000E-01
   7.315000E+06   8.506000E+10   2.440432E+10   3.877000E-01
   7.522000E+06   4.279000E+10   2.152639E+10   4.611000E-01
   7.736000E+06   1.551000E+10   1.632757E+10   4.719000E-01
   7.955000E+06   1.228000E+10   1.448245E+10   4.682000E-01
   8.181000E+06   1.134000E+10   1.401827E+10   4.672000E-01
   8.413000E+06   1.100000E+10   1.394864E+10   4.658000E-01
   8.652000E+06   1.035000E+10   1.378618E+10   4.654000E-01
   8.897000E+06   9.990000E+09   1.368174E+10   4.643000E-01
   9.150000E+06   9.240001E+09   1.349606E+10   4.636000E-01
   9.409000E+06   8.884000E+09   1.338002E+10   4.630000E-01
   9.676000E+06   8.448000E+09   1.325237E+10   4.621000E-01
   9.951000E+06   8.196000E+09   1.319434E+10   4.618000E-01
   1.023000E+07   7.585000E+09   1.304349E+10   4.611000E-01
   1.052000E+07   7.226000E+09   1.293905E+10   4.608000E-01
   1.082000E+07   6.689000E+09   1.273016E+10   4.602000E-01
   1.113000E+07   6.406000E+09   1.264893E+10   4.600000E-01
   1.145000E+07   6.266000E+09   1.259091E+10   4.597000E-01
   1.177000E+07   5.977000E+09   1.248647E+10   4.592000E-01
   1.210000E+07   5.746000E+09   1.241684E+10   4.590000E-01
   1.245000E+07   5.258000E+09   1.227759E+10   4.588000E-01
   1.280000E+07   5.024000E+09   1.214994E+10   4.586000E-01
   1.316000E+07   4.666000E+09   1.202229E+10   4.585000E-01
   1.354000E+07   4.362000E+09   1.187143E+10   4.584000E-01
   1.392000E+07   4.265000E+09   1.183662E+10   4.584000E-01
   1.432000E+07   4.072000E+09   1.175538E+10   4.583000E-01
   1.472000E+07   3.766000E+09   1.162773E+10   4.582000E-01
   1.514000E+07   3.550000E+09   1.152213E+10   4.582000E-01
   1.557000E+07   3.385000E+09   1.141305E+10   4.583000E-01
   1.601000E+07   3.179000E+09   1.129352E+10   4.584000E-01
   1.647000E+07   2.966000E+09   1.117748E+10   4.585000E-01
   1.693000E+07   2.817000E+09   1.111597E+10   4.585000E-01
   1.741000E+07   2.657000E+09   1.103126E+10   4.586000E-01
   1.791000E+07   2.474000E+09   1.091638E+10   4.589000E-01
   1.842000E+07   2.341000E+09   1.080149E+10   4.591000E-01
   1.894000E+07   2.259000E+09   1.074927E+10   4.592000E-01
   1.948000E+07   2.100000E+09   1.064019E+10   4.594000E-01
   2.003000E+07   1.937000E+09   1.050790E+10   4.597000E-01
   2.060000E+07   1.834000E+09   1.043131E+10   4.600000E-01
   2.118000E+07   1.745000E+09   1.036400E+10   4.602000E-01
   2.178000E+07   1.594000E+09   1.021778E+10   4.604000E-01
   2.240000E+07   1.528000E+09   1.014584E+10   4.607000E-01
   2.304000E+07   1.401000E+09   1.001238E+10   4.611000E-01
   2.369000E+07   1.327000E+09   9.948559E+09   4.613000E-01
   2.436000E+07   1.236000E+09   9.848760E+09   4.617000E-01
   2.505000E+07   1.153000E+09   9.744319E+09   4.620000E-01
   2.576000E+07   1.047000E+09   9.588819E+09   4.624000E-01
   2.650000E+07   9.945000E+08   9.524994E+09   4.626000E-01
   2.725000E+07   9.047000E+08   9.389221E+09   4.631000E-01
   2.802000E+07   8.610000E+08   9.321915E+09   4.633000E-01
   2.882000E+07   7.748000E+08   9.164093E+09   4.637000E-01
   2.963000E+07   7.400000E+08   9.093305E+09   4.641000E-01
   3.048000E+07   6.760000E+08   8.964495E+09   4.644000E-01
   3.134000E+07   6.456000E+08   8.894868E+09   4.648000E-01
   3.223000E+07   5.887000E+08   8.770700E+09   4.652000E-01
   3.314000E+07   5.635000E+08   8.701073E+09   4.656000E-01
   3.408000E+07   5.160000E+08   8.562979E+09   4.660000E-01
   3.505000E+07   4.772000E+08   8.444613E+09   4.664000E-01
   3.604000E+07   4.468000E+08   8.349456E+09   4.667000E-01
   3.707000E+07   4.182000E+08   8.258941E+09   4.671000E-01
   3.812000E+07   3.839000E+08   8.120847E+09   4.675000E-01
   3.919000E+07   3.550000E+08   7.997838E+09   4.679000E-01
   4.028000E+07   3.315000E+08   7.908484E+09   4.682000E-01
   4.138000E+07   3.106000E+08   7.798241E+09   4.686000E-01
   4.249000E+07   2.894000E+08   7.690319E+09   4.689000E-01
   4.362000E+07   2.675000E+08   7.564990E+09   4.693000E-01
   4.476000E+07   2.534000E+08   7.488400E+09   4.696000E-01
   4.592000E+07   2.361000E+08   7.375836E+09   4.699000E-01
   4.709000E+07   2.196000E+08   7.258631E+09   4.702000E-01
   4.828000E+07   2.053000E+08   7.151868E+09   4.705000E-01
   4.948000E+07   1.913000E+08   7.050909E+09   4.708000E-01
   5.069000E+07   1.774000E+08   6.959234E+09   4.711000E-01
   5.192000E+07   1.650000E+08   6.839707E+09   4.713000E-01
   5.317000E+07   1.548000E+08   6.724823E+09   4.716000E-01
   5.443000E+07   1.456000E+08   6.598333E+09   4.719000E-01
   5.571000E+07   1.390000E+08   6.423105E+09   4.723000E-01
   5.700000E+07   1.335000E+08   6.211902E+09   4.727000E-01
   5.831000E+07   1.294000E+08   5.964726E+09   4.732000E-01
   5.963000E+07   1.246000E+08   5.779054E+09   4.737000E-01
   6.098000E+07   1.165000E+08   5.696662E+09   4.740000E-01
   6.233000E+07   1.097000E+08   5.645601E+09   4.743000E-01
   6.371000E+07   1.038000E+08   5.567851E+09   4.747000E-01
   6.510000E+07   9.512000E+07   5.509829E+09   4.753000E-01
   6.651000E+07   8.573000E+07   5.444843E+09   4.775000E-01
   6.794000E+07   7.958000E+07   5.311391E+09   4.824000E-01
   6.939000E+07   7.645000E+07   5.023599E+09   4.900000E-01
   7.085000E+07   6.441000E+07   5.057252E+09   4.965000E-01
   7.233000E+07   4.966000E+07   5.914826E+09   4.979000E-01
   7.383000E+07   4.808000E+07   5.985614E+09   4.980000E-01
   7.535000E+07   4.984000E+07   6.034353E+09   4.980000E-01
   7.689000E+07   4.571000E+07   5.788337E+09   4.979000E-01
   7.845000E+07   4.187000E+07   5.816188E+09   4.979000E-01
   8.003000E+07   4.101000E+07   5.616590E+09   4.979000E-01
   8.162000E+07   3.888000E+07   5.680415E+09   4.979000E-01
   8.324000E+07   3.775000E+07   5.574814E+09   4.979000E-01
   8.488000E+07   3.635000E+07   5.541160E+09   4.979000E-01
   8.654000E+07   3.436000E+07   5.446004E+09   4.979000E-01
   8.821000E+07   3.326000E+07   5.407709E+09   4.979000E-01
   8.991000E+07   3.180000E+07   5.346205E+09   4.979000E-01
   9.163000E+07   3.049000E+07   5.282380E+09   4.979000E-01
   9.338000E+07   2.924000E+07   5.225518E+09   4.979000E-01
   9.514000E+07   2.779000E+07   5.160532E+09   4.980000E-01
   9.692000E+07   2.634000E+07   5.092066E+09   4.980000E-01
   9.873000E+07   2.540000E+07   5.045647E+09   4.980000E-01
   1.006000E+08   2.475000E+07   5.014315E+09   4.980000E-01
   1.024000E+08   2.403000E+07   4.982983E+09   4.980000E-01
   1.043000E+08   2.283000E+07   4.931923E+09   4.980000E-01
   1.062000E+08   2.203000E+07   4.907554E+09   4.980000E-01
   1.081000E+08   2.344000E+07   4.933084E+09   4.980000E-01
   1.101000E+08   2.406000E+07   4.255379E+09   4.980000E-01
   1.120000E+08   2.185000E+07   4.381869E+09   4.980000E-01
   1.140000E+08   2.140000E+07   4.195036E+09   4.980000E-01
   1.161000E+08   2.080000E+07   4.192715E+09   4.980000E-01
   1.181000E+08   1.983000E+07   4.109162E+09   4.980000E-01
   1.202000E+08   1.908000E+07   4.053460E+09   4.980000E-01
   1.223000E+08   1.849000E+07   4.008203E+09   4.980000E-01
   1.244000E+08   1.773000E+07   3.944378E+09   4.980000E-01
   1.266000E+08   1.691000E+07   3.864307E+09   4.980000E-01
   1.287000E+08   1.629000E+07   3.800482E+09   4.980000E-01
   1.309000E+08   1.555000E+07   3.729694E+09   4.980000E-01
   1.332000E+08   1.471000E+07   3.655425E+09   4.980000E-01
   1.354000E+08   1.398000E+07   3.596242E+09   4.980000E-01
   1.377000E+08   1.338000E+07   3.538220E+09   4.980000E-01
   1.400000E+08   1.286000E+07   3.480197E+09   4.980000E-01
   1.424000E+08   1.225000E+07   3.401286E+09   4.980000E-01
   1.448000E+08   1.165000E+07   3.317734E+09   4.980000E-01
   1.472000E+08   1.124000E+07   3.252748E+09   4.980000E-01
   1.496000E+08   1.061000E+07   3.209812E+09   4.983000E-01
   1.521000E+08   9.048000E+06   3.452346E+09   4.998000E-01
   1.546000E+08   6.924000E+06   3.672832E+09   5.002000E-01
   1.571000E+08   5.674000E+06   3.755224E+09   5.000000E-01
   1.596000E+08   4.620000E+06   3.823691E+09   5.000000E-01
   1.622000E+08   4.406000E+06   3.767989E+09   5.000000E-01
   1.649000E+08   4.338000E+06   3.732015E+09   5.000000E-01
   1.675000E+08   4.199000E+06   3.696041E+09   5.000000E-01
   1.702000E+08   4.081000E+06   3.663548E+09   5.000000E-01
   1.729000E+08   3.960000E+06   3.632216E+09   5.000000E-01
   1.757000E+08   3.839000E+06   3.599724E+09   5.000000E-01
   1.785000E+08   3.716000E+06   3.568391E+09   5.000000E-01
   1.813000E+08   3.609000E+06   3.538220E+09   5.000000E-01
   1.842000E+08   3.492000E+06   3.499925E+09   5.000000E-01
   1.871000E+08   3.382000E+06   3.465111E+09   5.000000E-01
   1.900000E+08   3.283000E+06   3.427977E+09   5.000000E-01
   1.930000E+08   3.256000E+06   3.393163E+09   5.000000E-01
   1.960000E+08   3.188000E+06   3.364152E+09   5.000000E-01
   1.990000E+08   3.096000E+06   3.330499E+09   5.000000E-01
   2.021000E+08   3.000000E+06   3.293364E+09   5.000000E-01
   2.052000E+08   2.942000E+06   3.270155E+09   5.000000E-01
   2.084000E+08   2.886000E+06   3.249267E+09   5.000000E-01
   2.116000E+08   2.836000E+06   3.231860E+09   5.000000E-01
   2.148000E+08   2.769000E+06   3.209812E+09   5.000000E-01
   2.181000E+08   2.720000E+06   3.192405E+09   5.000000E-01
   2.215000E+08   2.612000E+06   3.149468E+09   5.000000E-01
   2.248000E+08   2.523000E+06   3.112334E+09   5.000000E-01
   2.282000E+08   2.403000E+06   3.060113E+09   5.000000E-01
   2.317000E+08   2.291000E+06   3.010214E+09   5.000000E-01
   2.352000E+08   2.195000E+06   2.967277E+09   5.000000E-01
   2.387000E+08   2.100000E+06   2.923180E+09   5.000000E-01
   2.423000E+08   2.026000E+06   2.888366E+09   5.000000E-01
   2.459000E+08   1.969000E+06   2.861676E+09   5.000000E-01
   2.496000E+08   1.901000E+06   2.831504E+09   5.000000E-01
   2.533000E+08   1.844000E+06   2.804814E+09   5.000000E-01
   2.571000E+08   1.794000E+06   2.778123E+09   5.000000E-01
   2.609000E+08   1.738000E+06   2.749112E+09   5.000000E-01
   2.647000E+08   1.688000E+06   2.721261E+09   5.000000E-01
   2.686000E+08   1.644000E+06   2.696892E+09   5.000000E-01
   2.726000E+08   1.597000E+06   2.670201E+09   5.000000E-01
   2.766000E+08   1.548000E+06   2.642350E+09   5.000000E-01
   2.806000E+08   1.503000E+06   2.616820E+09   5.000000E-01
   2.848000E+08   1.460000E+06   2.590130E+09   5.000000E-01
   2.889000E+08   1.416000E+06   2.564600E+09   5.000000E-01
   2.931000E+08   1.375000E+06   2.540230E+09   5.000000E-01
   2.974000E+08   1.333000E+06   2.517021E+09   5.000000E-01
   3.017000E+08   1.288000E+06   2.489171E+09   5.000000E-01
   3.060000E+08   1.247000E+06   2.462480E+09   5.000000E-01
   3.105000E+08   1.211000E+06   2.436950E+09   5.000000E-01
   3.150000E+08   1.174000E+06   2.412581E+09   5.000000E-01
   3.195000E+08   1.139000E+06   2.388211E+09   5.000000E-01
   3.241000E+08   1.106000E+06   2.365002E+09   5.000000E-01
   3.287000E+08   1.075000E+06   2.341793E+09   5.000000E-01
   3.334000E+08   1.044000E+06   2.318584E+09   5.000000E-01
   3.382000E+08   1.014000E+06   2.295375E+09   5.000000E-01
   3.430000E+08   9.841000E+05   2.273326E+09   5.000000E-01
   3.479000E+08   9.570000E+05   2.253599E+09   5.000000E-01
   3.528000E+08   9.292000E+05   2.232711E+09   5.000000E-01
   3.578000E+08   8.999000E+05   2.208341E+09   5.000000E-01
   3.629000E+08   8.731000E+05   2.186292E+09   5.000000E-01
   3.680000E+08   8.470000E+05   2.164244E+09   5.000000E-01
   3.732000E+08   8.197000E+05   2.139875E+09   5.000000E-01
   3.785000E+08   7.940000E+05   2.117826E+09   5.000000E-01
   3.838000E+08   7.706000E+05   2.096938E+09   5.000000E-01
   3.892000E+08   7.487000E+05   2.076050E+09   5.000000E-01
   3.947000E+08   7.278000E+05   2.056322E+09   5.000000E-01
   4.002000E+08   7.072000E+05   2.036594E+09   5.000000E-01
   4.058000E+08   6.873000E+05   2.016867E+09   5.000000E-01
   4.115000E+08   6.672000E+05   1.998299E+09   5.000000E-01
   4.172000E+08   6.469000E+05   1.977411E+09   5.000000E-01
   4.230000E+08   6.262000E+05   1.956523E+09   5.000000E-01
   4.289000E+08   6.072000E+05   1.935635E+09   5.000000E-01
   4.349000E+08   5.894000E+05   1.915907E+09   5.000000E-01
   4.409000E+08   5.716000E+05   1.896179E+09   5.000000E-01
   4.470000E+08   5.548000E+05   1.877612E+09   5.000000E-01
   4.532000E+08   5.387000E+05   1.857884E+09   5.000000E-01
   4.594000E+08   5.230000E+05   1.839317E+09   5.000000E-01
   4.658000E+08   5.076000E+05   1.820750E+09   5.000000E-01
   4.722000E+08   4.929000E+05   1.803343E+09   5.000000E-01
   4.787000E+08   4.784000E+05   1.784776E+09   5.000000E-01
   4.853000E+08   4.636000E+05   1.766209E+09   5.000000E-01
   4.919000E+08   4.492000E+05   1.747641E+09   5.000000E-01
   4.987000E+08   4.356000E+05   1.729074E+09   5.000000E-01
   5.055000E+08   4.228000E+05   1.711667E+09   5.000000E-01
   5.124000E+08   4.104000E+05   1.693100E+09   5.000000E-01
   5.194000E+08   3.984000E+05   1.676854E+09   5.000000E-01
   5.265000E+08   3.865000E+05   1.658287E+09   5.000000E-01
   5.337000E+08   3.750000E+05   1.642040E+09   5.000000E-01
   5.410000E+08   3.638000E+05   1.624633E+09   5.000000E-01
   5.483000E+08   3.528000E+05   1.607227E+09   5.000000E-01
   5.558000E+08   3.422000E+05   1.589820E+09   5.000000E-01
   5.633000E+08   3.319000E+05   1.573574E+09   5.000000E-01
   5.709000E+08   3.219000E+05   1.557327E+09   5.000000E-01
   5.787000E+08   3.117000E+05   1.539920E+09   5.000000E-01
   5.865000E+08   3.020000E+05   1.522514E+09   5.000000E-01
   5.944000E+08   2.929000E+05   1.506267E+09   5.000000E-01
   6.025000E+08   2.842000E+05   1.490021E+09   5.000000E-01
   6.106000E+08   2.757000E+05   1.463331E+09   5.000000E-01
   6.188000E+08   2.670000E+05   1.464491E+09   5.000000E-01
   6.271000E+08   2.589000E+05   1.451726E+09   5.000000E-01
   6.356000E+08   2.508000E+05   1.420394E+09   5.000000E-01
   6.441000E+08   2.433000E+05   1.376297E+09   5.000000E-01
   6.528000E+08   2.325000E+05   1.412271E+09   5.000000E-01
   6.615000E+08   2.274000E+05   1.372815E+09   5.000000E-01
   6.704000E+08   2.197000E+05   1.357729E+09   5.000000E-01
   6.794000E+08   2.126000E+05   1.342644E+09   5.000000E-01
   6.884000E+08   2.059000E+05   1.328718E+09   5.000000E-01
   6.976000E+08   1.996000E+05   1.314793E+09   5.000000E-01
   7.070000E+08   1.932000E+05   1.300867E+09   5.000000E-01
   7.164000E+08   1.870000E+05   1.286942E+09   5.000000E-01
   7.259000E+08   1.813000E+05   1.273016E+09   5.000000E-01
   7.356000E+08   1.760000E+05   1.260251E+09   5.000000E-01
   7.454000E+08   1.702000E+05   1.245166E+09   5.000000E-01
   7.553000E+08   1.646000E+05   1.231240E+09   5.000000E-01
   7.653000E+08   1.592000E+05   1.217315E+09   5.000000E-01
   7.755000E+08   1.543000E+05   1.204550E+09   5.000000E-01
   7.858000E+08   1.494000E+05   1.190624E+09   5.000000E-01
   7.962000E+08   1.448000E+05   1.177859E+09   5.000000E-01
   8.068000E+08   1.402000E+05   1.163934E+09   5.000000E-01
   8.174000E+08   1.360000E+05   1.151633E+09   5.000000E-01
   8.282000E+08   1.319000E+05   1.138984E+09   5.000000E-01
   8.392000E+08   1.280000E+05   1.126915E+09   5.000000E-01
   8.503000E+08   1.238000E+05   1.113802E+09   5.000000E-01
   8.615000E+08   1.198000E+05   1.100573E+09   5.000000E-01
   8.729000E+08   1.157000E+05   1.086880E+09   5.000000E-01
   8.844000E+08   1.119000E+05   1.073999E+09   5.000000E-01
   8.960000E+08   1.083000E+05   1.061350E+09   5.000000E-01
   9.078000E+08   1.052000E+05   1.049977E+09   5.000000E-01
   9.198000E+08   1.016000E+05   1.038605E+09   5.000000E-01
   9.318000E+08   9.927000E+04   1.028741E+09   5.000000E-01
   9.441000E+08   9.862000E+04   1.021894E+09   5.000000E-01
   9.565000E+08   9.822000E+04   1.016440E+09   5.000000E-01
   9.690000E+08   9.563000E+04   1.011566E+09   5.000000E-01
   9.817000E+08   8.968000E+04   1.014816E+09   5.000000E-01
   9.941000E+08   8.956000E+04   1.014468E+09   5.000000E-01
