# VX_G15/datafileVX-G15h+150.txt from Rampp & Janka (2002)
number of variables = 3
number of lines = 400
dens
temp
ye  
   1.167000E+04   5.070000E+14   1.640880E+11   2.680000E-01
   3.500000E+04   5.015000E+14   1.850922E+11   2.843000E-01
   5.833000E+04   5.003000E+14   1.860205E+11   2.859000E-01
   9.272000E+04   4.985000E+14   1.850922E+11   2.833000E-01
   1.302000E+05   4.963000E+14   1.810306E+11   2.815000E-01
   1.545000E+05   4.941000E+14   1.790578E+11   2.812000E-01
   1.703000E+05   4.923000E+14   1.781295E+11   2.811000E-01
   1.806000E+05   4.911000E+14   1.775492E+11   2.810000E-01
   1.872000E+05   4.903000E+14   1.772011E+11   2.809000E-01
   1.925000E+05   4.896000E+14   1.769690E+11   2.809000E-01
   1.980000E+05   4.888000E+14   1.766209E+11   2.808000E-01
   2.036000E+05   4.880000E+14   1.763888E+11   2.807000E-01
   2.094000E+05   4.872000E+14   1.760406E+11   2.807000E-01
   2.153000E+05   4.863000E+14   1.756925E+11   2.806000E-01
   2.214000E+05   4.854000E+14   1.754604E+11   2.805000E-01
   2.277000E+05   4.844000E+14   1.751123E+11   2.804000E-01
   2.342000E+05   4.834000E+14   1.746481E+11   2.803000E-01
   2.408000E+05   4.823000E+14   1.743000E+11   2.802000E-01
   2.476000E+05   4.811000E+14   1.739518E+11   2.801000E-01
   2.547000E+05   4.799000E+14   1.734877E+11   2.800000E-01
   2.619000E+05   4.786000E+14   1.731395E+11   2.799000E-01
   2.693000E+05   4.772000E+14   1.726753E+11   2.797000E-01
   2.770000E+05   4.757000E+14   1.722112E+11   2.796000E-01
   2.848000E+05   4.742000E+14   1.717470E+11   2.795000E-01
   2.929000E+05   4.725000E+14   1.712828E+11   2.793000E-01
   3.012000E+05   4.708000E+14   1.708186E+11   2.791000E-01
   3.098000E+05   4.690000E+14   1.703544E+11   2.789000E-01
   3.186000E+05   4.670000E+14   1.698903E+11   2.787000E-01
   3.276000E+05   4.649000E+14   1.694261E+11   2.785000E-01
   3.369000E+05   4.627000E+14   1.690779E+11   2.783000E-01
   3.465000E+05   4.604000E+14   1.686137E+11   2.781000E-01
   3.563000E+05   4.579000E+14   1.681496E+11   2.778000E-01
   3.664000E+05   4.553000E+14   1.678014E+11   2.775000E-01
   3.768000E+05   4.526000E+14   1.674533E+11   2.772000E-01
   3.875000E+05   4.496000E+14   1.671052E+11   2.768000E-01
   3.985000E+05   4.466000E+14   1.666410E+11   2.765000E-01
   4.098000E+05   4.433000E+14   1.659447E+11   2.761000E-01
   4.214000E+05   4.399000E+14   1.652484E+11   2.757000E-01
   4.334000E+05   4.362000E+14   1.645522E+11   2.753000E-01
   4.457000E+05   4.324000E+14   1.638559E+11   2.748000E-01
   4.583000E+05   4.284000E+14   1.632757E+11   2.742000E-01
   4.713000E+05   4.241000E+14   1.625794E+11   2.737000E-01
   4.847000E+05   4.195000E+14   1.619992E+11   2.730000E-01
   4.984000E+05   4.148000E+14   1.614189E+11   2.723000E-01
   5.126000E+05   4.097000E+14   1.609548E+11   2.716000E-01
   5.271000E+05   4.043000E+14   1.603745E+11   2.708000E-01
   5.421000E+05   3.986000E+14   1.596783E+11   2.700000E-01
   5.575000E+05   3.926000E+14   1.588659E+11   2.691000E-01
   5.733000E+05   3.862000E+14   1.582857E+11   2.681000E-01
   5.896000E+05   3.795000E+14   1.579376E+11   2.671000E-01
   6.063000E+05   3.723000E+14   1.579376E+11   2.660000E-01
   6.235000E+05   3.646000E+14   1.584018E+11   2.648000E-01
   6.412000E+05   3.563000E+14   1.589820E+11   2.636000E-01
   6.594000E+05   3.474000E+14   1.603745E+11   2.624000E-01
   6.781000E+05   3.378000E+14   1.631596E+11   2.611000E-01
   6.973000E+05   3.271000E+14   1.671052E+11   2.599000E-01
   7.171000E+05   3.155000E+14   1.725593E+11   2.588000E-01
   7.375000E+05   3.027000E+14   1.801022E+11   2.578000E-01
   7.584000E+05   2.884000E+14   1.897340E+11   2.571000E-01
   7.799000E+05   2.726000E+14   2.022669E+11   2.569000E-01
   8.021000E+05   2.547000E+14   2.175848E+11   2.573000E-01
   8.248000E+05   2.348000E+14   2.361521E+11   2.588000E-01
   8.482001E+05   2.132000E+14   2.573884E+11   2.613000E-01
   8.722999E+05   1.905000E+14   2.803653E+11   2.652000E-01
   8.970000E+05   1.677000E+14   3.036904E+11   2.700000E-01
   9.225001E+05   1.462000E+14   3.255069E+11   2.758000E-01
   9.487001E+05   1.272000E+14   3.447704E+11   2.813000E-01
   9.755999E+05   1.112000E+14   3.605526E+11   2.859000E-01
   1.003000E+06   9.798000E+13   3.732015E+11   2.887000E-01
   1.032000E+06   8.755000E+13   3.819049E+11   2.886000E-01
   1.061000E+06   7.909000E+13   3.875911E+11   2.864000E-01
   1.091000E+06   7.184000E+13   3.915367E+11   2.837000E-01
   1.122000E+06   6.581000E+13   3.933934E+11   2.793000E-01
   1.154000E+06   6.079000E+13   3.931613E+11   2.733000E-01
   1.187000E+06   5.652000E+13   3.913046E+11   2.660000E-01
   1.220000E+06   5.285000E+13   3.878232E+11   2.579000E-01
   1.255000E+06   4.963000E+13   3.831814E+11   2.492000E-01
   1.291000E+06   4.676000E+13   3.773792E+11   2.403000E-01
   1.327000E+06   4.415000E+13   3.704165E+11   2.313000E-01
   1.365000E+06   4.177000E+13   3.627575E+11   2.224000E-01
   1.404000E+06   3.953000E+13   3.544022E+11   2.137000E-01
   1.443000E+06   3.742000E+13   3.453507E+11   2.054000E-01
   1.484000E+06   3.542000E+13   3.359510E+11   1.973000E-01
   1.527000E+06   3.348000E+13   3.260871E+11   1.897000E-01
   1.570000E+06   3.162000E+13   3.158752E+11   1.823000E-01
   1.614000E+06   2.980000E+13   3.054311E+11   1.754000E-01
   1.660000E+06   2.802000E+13   2.946389E+11   1.688000E-01
   1.707000E+06   2.629000E+13   2.838467E+11   1.625000E-01
   1.756000E+06   2.459000E+13   2.728224E+11   1.566000E-01
   1.805000E+06   2.292000E+13   2.617981E+11   1.509000E-01
   1.857000E+06   2.130000E+13   2.506578E+11   1.454000E-01
   1.909000E+06   1.971000E+13   2.395174E+11   1.402000E-01
   1.964000E+06   1.816000E+13   2.283771E+11   1.351000E-01
   2.019000E+06   1.665000E+13   2.172367E+11   1.304000E-01
   2.077000E+06   1.519000E+13   2.062124E+11   1.257000E-01
   2.136000E+06   1.378000E+13   1.954202E+11   1.212000E-01
   2.196000E+06   1.241000E+13   1.847440E+11   1.171000E-01
   2.259000E+06   1.110000E+13   1.744160E+11   1.131000E-01
   2.323000E+06   9.847000E+12   1.644361E+11   1.096000E-01
   2.389000E+06   8.644000E+12   1.550365E+11   1.068000E-01
   2.456000E+06   7.505000E+12   1.463331E+11   1.047000E-01
   2.526000E+06   6.442000E+12   1.384420E+11   1.036000E-01
   2.598000E+06   5.470000E+12   1.312472E+11   1.034000E-01
   2.671000E+06   4.605000E+12   1.248647E+11   1.040000E-01
   2.747000E+06   3.852000E+12   1.188303E+11   1.052000E-01
   2.825000E+06   3.210000E+12   1.132486E+11   1.067000E-01
   2.905000E+06   2.669000E+12   1.078757E+11   1.082000E-01
   2.988000E+06   2.215000E+12   1.026884E+11   1.097000E-01
   3.073000E+06   1.835000E+12   9.767529E+10   1.112000E-01
   3.160000E+06   1.517000E+12   9.283620E+10   1.127000E-01
   3.249000E+06   1.251000E+12   8.821760E+10   1.144000E-01
   3.341000E+06   1.029000E+12   8.385430E+10   1.162000E-01
   3.436000E+06   8.430000E+11   7.976951E+10   1.184000E-01
   3.534000E+06   6.870000E+11   7.596322E+10   1.211000E-01
   3.634000E+06   5.567000E+11   7.242384E+10   1.244000E-01
   3.737000E+06   4.491000E+11   6.920939E+10   1.286000E-01
   3.843000E+06   3.604000E+11   6.628505E+10   1.336000E-01
   3.952000E+06   2.886000E+11   6.369724E+10   1.397000E-01
   4.065000E+06   2.307000E+11   6.141114E+10   1.467000E-01
   4.180000E+06   1.838000E+11   5.940356E+10   1.550000E-01
   4.298000E+06   1.458000E+11   5.752363E+10   1.645000E-01
   4.420000E+06   1.156000E+11   5.588739E+10   1.752000E-01
   4.546000E+06   9.163000E+10   5.447164E+10   1.876000E-01
   4.675000E+06   7.311000E+10   5.339242E+10   2.012000E-01
   4.808000E+06   5.828000E+10   5.245245E+10   2.164000E-01
   4.944000E+06   4.627000E+10   5.153570E+10   2.331000E-01
   5.084000E+06   3.685000E+10   5.076980E+10   2.512000E-01
   5.228000E+06   2.964000E+10   5.028241E+10   2.703000E-01
   5.377000E+06   2.393000E+10   4.979501E+10   2.898000E-01
   5.529000E+06   1.944000E+10   4.915677E+10   3.083000E-01
   5.686000E+06   1.606000E+10   4.843728E+10   3.250000E-01
   5.848000E+06   1.353000E+10   4.772941E+10   3.394000E-01
   6.014000E+06   1.153000E+10   4.680105E+10   3.514000E-01
   6.184000E+06   9.940000E+09   4.573343E+10   3.616000E-01
   6.360000E+06   8.751000E+09   4.478186E+10   3.698000E-01
   6.540000E+06   7.768000E+09   4.369104E+10   3.769000E-01
   6.726000E+06   6.945000E+09   4.255379E+10   3.832000E-01
   6.917000E+06   6.254000E+09   4.145136E+10   3.893000E-01
   7.113000E+06   5.677000E+09   4.032572E+10   3.951000E-01
   7.315000E+06   5.162000E+09   3.917688E+10   4.012000E-01
   7.522000E+06   4.733000E+09   3.801643E+10   4.069000E-01
   7.736000E+06   4.356000E+09   3.676314E+10   4.129000E-01
   7.955000E+06   4.014000E+09   3.553306E+10   4.194000E-01
   8.181000E+06   3.690000E+09   3.429137E+10   4.268000E-01
   8.413000E+06   3.393000E+09   3.311932E+10   4.348000E-01
   8.652000E+06   3.107000E+09   3.191244E+10   4.431000E-01
   8.897000E+06   2.904000E+09   3.065915E+10   4.502000E-01
   9.150000E+06   2.692000E+09   2.924340E+10   4.576000E-01
   9.409000E+06   2.509000E+09   2.807134E+10   4.646000E-01
   9.676000E+06   2.244000E+09   2.687608E+10   4.730000E-01
   9.951000E+06   2.088000E+09   2.577365E+10   4.787000E-01
   1.023000E+07   1.888000E+09   2.407939E+10   4.844000E-01
   1.052000E+07   1.787000E+09   2.319744E+10   4.875000E-01
   1.082000E+07   1.534000E+09   2.113184E+10   4.924000E-01
   1.113000E+07   1.309000E+09   1.982053E+10   4.936000E-01
   1.145000E+07   7.852000E+08   1.602585E+10   4.945000E-01
   1.177000E+07   2.306000E+08   1.090477E+10   4.939000E-01
   1.210000E+07   1.489000E+08   8.612878E+09   4.938000E-01
   1.245000E+07   1.406000E+08   7.939816E+09   4.942000E-01
   1.280000E+07   1.349000E+08   7.817968E+09   4.943000E-01
   1.316000E+07   1.328000E+08   7.699602E+09   4.946000E-01
   1.354000E+07   1.278000E+08   7.591681E+09   4.948000E-01
   1.392000E+07   1.251000E+08   7.527856E+09   4.951000E-01
   1.432000E+07   1.194000E+08   7.416452E+09   4.952000E-01
   1.472000E+07   1.153000E+08   7.346825E+09   4.954000E-01
   1.514000E+07   1.079000E+08   7.250508E+09   4.956000E-01
   1.557000E+07   1.025000E+08   7.194806E+09   4.958000E-01
   1.601000E+07   9.538000E+07   7.121697E+09   4.959000E-01
   1.647000E+07   9.190000E+07   7.018417E+09   4.962000E-01
   1.693000E+07   8.921000E+07   6.752673E+09   4.963000E-01
   1.741000E+07   8.842000E+07   6.657516E+09   4.965000E-01
   1.791000E+07   8.673000E+07   6.556557E+09   4.966000E-01
   1.842000E+07   8.399000E+07   6.507818E+09   4.968000E-01
   1.894000E+07   7.738000E+07   6.410339E+09   4.969000E-01
   1.948000E+07   7.218000E+07   6.278048E+09   4.972000E-01
   2.003000E+07   7.131000E+07   6.129510E+09   4.973000E-01
   2.060000E+07   7.159000E+07   6.057562E+09   4.974000E-01
   2.118000E+07   7.227000E+07   5.968207E+09   4.975000E-01
   2.178000E+07   7.008000E+07   5.782535E+09   4.976000E-01
   2.240000E+07   5.938000E+07   5.971688E+09   4.977000E-01
   2.304000E+07   5.746000E+07   6.954592E+09   4.980000E-01
   2.369000E+07   5.795000E+07   7.104290E+09   4.980000E-01
   2.436000E+07   5.787000E+07   7.011454E+09   4.981000E-01
   2.505000E+07   5.218000E+07   6.825781E+09   4.981000E-01
   2.576000E+07   4.982000E+07   6.835065E+09   4.981000E-01
   2.650000E+07   4.955000E+07   6.746871E+09   4.981000E-01
   2.725000E+07   4.897000E+07   6.589049E+09   4.981000E-01
   2.802000E+07   4.718000E+07   6.537989E+09   4.981000E-01
   2.882000E+07   4.499000E+07   6.352317E+09   4.981000E-01
   2.963000E+07   4.289000E+07   6.286171E+09   4.981000E-01
   3.048000E+07   4.177000E+07   6.197977E+09   4.981000E-01
   3.134000E+07   3.958000E+07   6.073808E+09   4.982000E-01
   3.223000E+07   3.859000E+07   6.040155E+09   4.982000E-01
   3.314000E+07   3.742000E+07   5.944998E+09   4.982000E-01
   3.408000E+07   3.515000E+07   5.789497E+09   4.982000E-01
   3.505000E+07   3.394000E+07   5.709427E+09   4.983000E-01
   3.604000E+07   3.192000E+07   5.669971E+09   4.983000E-01
   3.707000E+07   2.971000E+07   5.595702E+09   4.983000E-01
   3.812000E+07   2.904000E+07   5.524914E+09   4.984000E-01
   3.919000E+07   2.752000E+07   5.386821E+09   4.984000E-01
   4.028000E+07   2.650000E+07   5.383339E+09   4.985000E-01
   4.138000E+07   2.515000E+07   5.298626E+09   4.985000E-01
   4.249000E+07   2.319000E+07   5.218555E+09   4.986000E-01
   4.362000E+07   2.233000E+07   5.197667E+09   4.986000E-01
   4.476000E+07   2.097000E+07   5.181421E+09   4.987000E-01
   4.592000E+07   2.024000E+07   5.160532E+09   4.988000E-01
   4.709000E+07   1.962000E+07   5.059573E+09   4.989000E-01
   4.828000E+07   1.864000E+07   5.015476E+09   4.989000E-01
   4.948000E+07   1.761000E+07   5.000390E+09   4.990000E-01
   5.069000E+07   1.733000E+07   4.950491E+09   4.991000E-01
   5.192000E+07   1.677000E+07   4.900591E+09   4.992000E-01
   5.317000E+07   1.642000E+07   4.865777E+09   4.993000E-01
   5.443000E+07   1.541000E+07   4.865777E+09   4.994000E-01
   5.571000E+07   1.461000E+07   4.861136E+09   4.994000E-01
   5.700000E+07   1.438000E+07   4.770620E+09   4.995000E-01
   5.831000E+07   1.411000E+07   4.746251E+09   4.996000E-01
   5.963000E+07   1.313000E+07   4.718400E+09   4.996000E-01
   6.098000E+07   1.193000E+07   4.732325E+09   4.997000E-01
   6.233000E+07   1.163000E+07   4.726523E+09   4.998000E-01
   6.371000E+07   1.142000E+07   4.662698E+09   4.998000E-01
   6.510000E+07   1.098000E+07   4.646452E+09   4.998000E-01
   6.651000E+07   1.060000E+07   4.601194E+09   4.999000E-01
   6.794000E+07   9.827000E+06   4.583788E+09   4.999000E-01
   6.939000E+07   9.507000E+06   4.560579E+09   4.999000E-01
   7.085000E+07   9.138000E+06   4.544332E+09   4.999000E-01
   7.233000E+07   8.648000E+06   4.538530E+09   5.000000E-01
   7.383000E+07   8.360000E+06   4.509518E+09   5.000000E-01
   7.535000E+07   7.592000E+06   4.509518E+09   5.000000E-01
   7.689000E+07   7.185000E+06   4.521123E+09   5.000000E-01
   7.845000E+07   6.513000E+06   4.532727E+09   5.000000E-01
   8.003000E+07   6.286000E+06   4.516481E+09   5.000000E-01
   8.162000E+07   6.214000E+06   4.495593E+09   5.000000E-01
   8.324000E+07   6.060000E+06   4.472384E+09   5.000000E-01
   8.488000E+07   6.008000E+06   4.460780E+09   5.000000E-01
   8.654000E+07   5.940000E+06   4.435250E+09   5.000000E-01
   8.821000E+07   5.916000E+06   4.416682E+09   5.000000E-01
   8.991000E+07   5.883000E+06   4.398115E+09   5.000000E-01
   9.163000E+07   5.880000E+06   4.379548E+09   5.000000E-01
   9.338000E+07   5.860000E+06   4.359820E+09   5.000000E-01
   9.514000E+07   5.846000E+06   4.334290E+09   5.000000E-01
   9.692000E+07   5.834000E+06   4.323846E+09   5.000000E-01
   9.873000E+07   5.819000E+06   4.305278E+09   5.000000E-01
   1.006000E+08   5.703000E+06   4.302958E+09   5.000000E-01
   1.024000E+08   5.605000E+06   4.292514E+09   5.000000E-01
   1.043000E+08   5.513000E+06   4.280909E+09   5.000000E-01
   1.062000E+08   5.478000E+06   4.266984E+09   5.000000E-01
   1.081000E+08   5.471000E+06   4.262342E+09   5.000000E-01
   1.101000E+08   7.029000E+06   4.533888E+09   5.000000E-01
   1.120000E+08   7.191000E+06   4.362141E+09   5.000000E-01
   1.140000E+08   6.704000E+06   4.327328E+09   5.000000E-01
   1.161000E+08   5.652000E+06   4.099879E+09   5.000000E-01
   1.181000E+08   4.024000E+06   3.678634E+09   5.000000E-01
   1.202000E+08   3.978000E+06   3.667030E+09   5.000000E-01
   1.223000E+08   3.874000E+06   3.632216E+09   5.000000E-01
   1.244000E+08   3.836000E+06   3.618291E+09   5.000000E-01
   1.266000E+08   3.783000E+06   3.604366E+09   5.000000E-01
   1.287000E+08   3.680000E+06   3.573033E+09   5.000000E-01
   1.309000E+08   3.640000E+06   3.559108E+09   5.000000E-01
   1.332000E+08   3.587000E+06   3.538220E+09   5.000000E-01
   1.354000E+08   3.504000E+06   3.509208E+09   5.000000E-01
   1.377000E+08   3.455000E+06   3.491802E+09   5.000000E-01
   1.400000E+08   3.381000E+06   3.461630E+09   5.000000E-01
   1.424000E+08   3.336000E+06   3.446544E+09   5.000000E-01
   1.448000E+08   3.276000E+06   3.423335E+09   5.000000E-01
   1.472000E+08   3.240000E+06   3.407088E+09   5.000000E-01
   1.496000E+08   3.183000E+06   3.382719E+09   5.000000E-01
   1.521000E+08   3.122000E+06   3.357189E+09   5.000000E-01
   1.546000E+08   3.095000E+06   3.340943E+09   5.000000E-01
   1.571000E+08   3.017000E+06   3.307290E+09   5.000000E-01
   1.596000E+08   2.978000E+06   3.292204E+09   5.000000E-01
   1.622000E+08   2.904000E+06   3.268995E+09   5.000000E-01
   1.649000E+08   2.868000E+06   3.260871E+09   5.000000E-01
   1.675000E+08   2.798000E+06   3.237663E+09   5.000000E-01
   1.702000E+08   2.778000E+06   3.223737E+09   5.000000E-01
   1.729000E+08   2.750000E+06   3.197047E+09   5.000000E-01
   1.757000E+08   2.712000E+06   3.186602E+09   5.000000E-01
   1.785000E+08   2.608000E+06   3.168035E+09   5.000000E-01
   1.813000E+08   2.572000E+06   3.156431E+09   5.000000E-01
   1.842000E+08   2.554000E+06   3.126259E+09   5.000000E-01
   1.871000E+08   2.518000E+06   3.112334E+09   5.000000E-01
   1.900000E+08   2.418000E+06   3.083322E+09   5.000000E-01
   1.930000E+08   2.373000E+06   3.070557E+09   5.000000E-01
   1.960000E+08   2.359000E+06   3.040386E+09   5.000000E-01
   1.990000E+08   2.333000E+06   3.033423E+09   5.000000E-01
   2.021000E+08   2.270000E+06   3.017176E+09   5.000000E-01
   2.052000E+08   2.257000E+06   3.005572E+09   5.000000E-01
   2.084000E+08   2.214000E+06   2.964956E+09   5.000000E-01
   2.116000E+08   2.132000E+06   2.961475E+09   5.000000E-01
   2.148000E+08   2.104000E+06   2.910415E+09   5.000000E-01
   2.181000E+08   2.028000E+06   2.905773E+09   5.000000E-01
   2.215000E+08   1.999000E+06   2.862836E+09   5.000000E-01
   2.248000E+08   1.929000E+06   2.862836E+09   5.000000E-01
   2.282000E+08   1.913000E+06   2.831504E+09   5.000000E-01
   2.317000E+08   1.867000E+06   2.828023E+09   5.000000E-01
   2.352000E+08   1.846000E+06   2.790888E+09   5.000000E-01
   2.387000E+08   1.777000E+06   2.790888E+09   5.000000E-01
   2.423000E+08   1.765000E+06   2.743310E+09   5.000000E-01
   2.459000E+08   1.692000E+06   2.743310E+09   5.000000E-01
   2.496000E+08   1.669000E+06   2.706175E+09   5.000000E-01
   2.533000E+08   1.637000E+06   2.698052E+09   5.000000E-01
   2.571000E+08   1.606000E+06   2.677164E+09   5.000000E-01
   2.609000E+08   1.572000E+06   2.658597E+09   5.000000E-01
   2.647000E+08   1.536000E+06   2.636548E+09   5.000000E-01
   2.686000E+08   1.503000E+06   2.615660E+09   5.000000E-01
   2.726000E+08   1.484000E+06   2.605216E+09   5.000000E-01
   2.766000E+08   1.469000E+06   2.592451E+09   5.000000E-01
   2.806000E+08   1.453000E+06   2.586649E+09   5.000000E-01
   2.848000E+08   1.420000E+06   2.566921E+09   5.000000E-01
   2.889000E+08   1.375000E+06   2.544872E+09   5.000000E-01
   2.931000E+08   1.297000E+06   2.497294E+09   5.000000E-01
   2.974000E+08   1.240000E+06   2.460159E+09   5.000000E-01
   3.017000E+08   1.176000E+06   2.416062E+09   5.000000E-01
   3.060000E+08   1.140000E+06   2.391693E+09   5.000000E-01
   3.105000E+08   1.102000E+06   2.363842E+09   5.000000E-01
   3.150000E+08   1.079000E+06   2.347595E+09   5.000000E-01
   3.195000E+08   1.048000E+06   2.324386E+09   5.000000E-01
   3.241000E+08   1.026000E+06   2.306980E+09   5.000000E-01
   3.287000E+08   1.001000E+06   2.288412E+09   5.000000E-01
   3.334000E+08   9.756000E+05   2.268685E+09   5.000000E-01
   3.382000E+08   9.518000E+05   2.251278E+09   5.000000E-01
   3.430000E+08   9.230000E+05   2.230390E+09   5.000000E-01
   3.479000E+08   8.950000E+05   2.207181E+09   5.000000E-01
   3.528000E+08   8.698000E+05   2.186292E+09   5.000000E-01
   3.578000E+08   8.440000E+05   2.164244E+09   5.000000E-01
   3.629000E+08   8.219000E+05   2.144516E+09   5.000000E-01
   3.680000E+08   7.969000E+05   2.122468E+09   5.000000E-01
   3.732000E+08   7.757000E+05   2.102740E+09   5.000000E-01
   3.785000E+08   7.556000E+05   2.084173E+09   5.000000E-01
   3.838000E+08   7.341000E+05   2.064445E+09   5.000000E-01
   3.892000E+08   7.153000E+05   2.045878E+09   5.000000E-01
   3.947000E+08   6.952000E+05   2.026150E+09   5.000000E-01
   4.002000E+08   6.762000E+05   2.008743E+09   5.000000E-01
   4.058000E+08   6.556000E+05   1.989016E+09   5.000000E-01
   4.115000E+08   6.376000E+05   1.970448E+09   5.000000E-01
   4.172000E+08   6.198000E+05   1.950721E+09   5.000000E-01
   4.230000E+08   6.018000E+05   1.930993E+09   5.000000E-01
   4.289000E+08   5.839000E+05   1.911265E+09   5.000000E-01
   4.349000E+08   5.668000E+05   1.892698E+09   5.000000E-01
   4.409000E+08   5.509000E+05   1.874131E+09   5.000000E-01
   4.470000E+08   5.359000E+05   1.856724E+09   5.000000E-01
   4.532000E+08   5.213000E+05   1.839317E+09   5.000000E-01
   4.594000E+08   5.072000E+05   1.821911E+09   5.000000E-01
   4.658000E+08   4.937000E+05   1.804504E+09   5.000000E-01
   4.722000E+08   4.794000E+05   1.787097E+09   5.000000E-01
   4.787000E+08   4.648000E+05   1.768530E+09   5.000000E-01
   4.853000E+08   4.502000E+05   1.749962E+09   5.000000E-01
   4.919000E+08   4.365000E+05   1.731395E+09   5.000000E-01
   4.987000E+08   4.240000E+05   1.713988E+09   5.000000E-01
   5.055000E+08   4.119000E+05   1.696582E+09   5.000000E-01
   5.124000E+08   4.003000E+05   1.680335E+09   5.000000E-01
   5.194000E+08   3.882000E+05   1.662928E+09   5.000000E-01
   5.265000E+08   3.767000E+05   1.645522E+09   5.000000E-01
   5.337000E+08   3.652000E+05   1.628115E+09   5.000000E-01
   5.410000E+08   3.557000E+05   1.613029E+09   5.000000E-01
   5.483000E+08   3.456000E+05   1.596783E+09   5.000000E-01
   5.558000E+08   3.365000E+05   1.581697E+09   5.000000E-01
   5.633000E+08   3.256000E+05   1.564290E+09   5.000000E-01
   5.709000E+08   3.161000E+05   1.549204E+09   5.000000E-01
   5.787000E+08   3.045000E+05   1.528316E+09   5.000000E-01
   5.865000E+08   2.977000E+05   1.516712E+09   5.000000E-01
   5.944000E+08   2.870000E+05   1.498144E+09   5.000000E-01
   6.025000E+08   2.814000E+05   1.488861E+09   5.000000E-01
   6.106000E+08   2.761000E+05   1.457528E+09   5.000000E-01
   6.188000E+08   2.587000E+05   1.459849E+09   5.000000E-01
   6.271000E+08   2.547000E+05   1.431998E+09   5.000000E-01
   6.356000E+08   2.492000E+05   1.414592E+09   5.000000E-01
   6.441000E+08   2.358000E+05   1.399506E+09   5.000000E-01
   6.528000E+08   2.277000E+05   1.394864E+09   5.000000E-01
   6.615000E+08   2.311000E+05   1.349606E+09   5.000000E-01
   6.704000E+08   2.130000E+05   1.365853E+09   5.000000E-01
   6.794000E+08   2.108000E+05   1.329879E+09   5.000000E-01
   6.884000E+08   2.037000E+05   1.327558E+09   5.000000E-01
   6.976000E+08   1.964000E+05   1.308990E+09   5.000000E-01
   7.070000E+08   1.916000E+05   1.298546E+09   5.000000E-01
   7.164000E+08   1.857000E+05   1.284621E+09   5.000000E-01
   7.259000E+08   1.801000E+05   1.270695E+09   5.000000E-01
   7.356000E+08   1.743000E+05   1.256770E+09   5.000000E-01
   7.454000E+08   1.687000E+05   1.242845E+09   5.000000E-01
   7.553000E+08   1.632000E+05   1.228919E+09   5.000000E-01
   7.653000E+08   1.580000E+05   1.214994E+09   5.000000E-01
   7.755000E+08   1.530000E+05   1.201068E+09   5.000000E-01
   7.858000E+08   1.483000E+05   1.188303E+09   5.000000E-01
   7.962000E+08   1.438000E+05   1.175538E+09   5.000000E-01
   8.068000E+08   1.393000E+05   1.162773E+09   5.000000E-01
   8.174000E+08   1.349000E+05   1.149080E+09   5.000000E-01
   8.282000E+08   1.307000E+05   1.135967E+09   5.000000E-01
   8.392000E+08   1.266000E+05   1.123550E+09   5.000000E-01
   8.503000E+08   1.227000E+05   1.111017E+09   5.000000E-01
   8.615000E+08   1.189000E+05   1.098600E+09   5.000000E-01
   8.729000E+08   1.156000E+05   1.087460E+09   5.000000E-01
   8.844000E+08   1.129000E+05   1.078176E+09   5.000000E-01
   8.960000E+08   1.112000E+05   1.072954E+09   5.000000E-01
   9.078000E+08   1.093000E+05   1.065295E+09   5.000000E-01
   9.198000E+08   1.081000E+05   1.063323E+09   5.000000E-01
   9.318000E+08   1.070000E+05   1.055316E+09   5.000000E-01
   9.441000E+08   1.070000E+05   1.051834E+09   5.000000E-01
   9.565000E+08   1.058000E+05   1.039998E+09   5.000000E-01
   9.690000E+08   1.012000E+05   1.049165E+09   5.000000E-01
   9.817000E+08   1.006000E+05   1.048933E+09   5.000000E-01
   9.941000E+08   9.048000E+04   1.081890E+09   5.000000E-01
