# VX_G15/datafileVX-G15h+250.txt from Rampp & Janka (2002)
number of variables = 3
number of lines = 440
dens
temp
ye  
   1.167000E+04   5.968000E+14   1.834675E+11   2.729000E-01
   3.500000E+04   5.914000E+14   2.066766E+11   2.896000E-01
   5.833000E+04   5.898000E+14   2.086494E+11   2.926000E-01
   9.272000E+04   5.874000E+14   2.080691E+11   2.886000E-01
   1.302000E+05   5.849000E+14   2.020348E+11   2.880000E-01
   1.545000E+05   5.814000E+14   2.040076E+11   2.877000E-01
   1.703000E+05   5.800000E+14   2.006422E+11   2.859000E-01
   1.806000E+05   5.786000E+14   1.994818E+11   2.859000E-01
   1.872000E+05   5.775000E+14   1.993657E+11   2.861000E-01
   1.925000E+05   5.766000E+14   1.995978E+11   2.861000E-01
   1.980000E+05   5.755000E+14   1.999460E+11   2.863000E-01
   2.036000E+05   5.744000E+14   2.005262E+11   2.863000E-01
   2.094000E+05   5.732000E+14   2.013385E+11   2.866000E-01
   2.153000E+05   5.719000E+14   2.020348E+11   2.865000E-01
   2.214000E+05   5.707000E+14   2.021508E+11   2.860000E-01
   2.277000E+05   5.696000E+14   2.021508E+11   2.855000E-01
   2.342000E+05   5.684000E+14   2.019187E+11   2.850000E-01
   2.408000E+05   5.671000E+14   2.016866E+11   2.844000E-01
   2.476000E+05   5.657000E+14   2.013385E+11   2.839000E-01
   2.547000E+05   5.643000E+14   2.009904E+11   2.834000E-01
   2.619000E+05   5.628000E+14   2.004102E+11   2.828000E-01
   2.693000E+05   5.613000E+14   1.998299E+11   2.822000E-01
   2.770000E+05   5.596000E+14   1.991336E+11   2.816000E-01
   2.848000E+05   5.579000E+14   1.984374E+11   2.810000E-01
   2.929000E+05   5.561000E+14   1.975090E+11   2.804000E-01
   3.012000E+05   5.542000E+14   1.965807E+11   2.798000E-01
   3.098000E+05   5.522000E+14   1.954202E+11   2.791000E-01
   3.186000E+05   5.501000E+14   1.942597E+11   2.784000E-01
   3.276000E+05   5.478000E+14   1.928672E+11   2.778000E-01
   3.369000E+05   5.456000E+14   1.912426E+11   2.769000E-01
   3.465000E+05   5.432000E+14   1.892698E+11   2.762000E-01
   3.563000E+05   5.406000E+14   1.872970E+11   2.754000E-01
   3.664000E+05   5.376000E+14   1.856724E+11   2.755000E-01
   3.768000E+05   5.343000E+14   1.852082E+11   2.760000E-01
   3.875000E+05   5.308000E+14   1.846280E+11   2.760000E-01
   3.985000E+05   5.272000E+14   1.840478E+11   2.758000E-01
   4.098000E+05   5.233000E+14   1.835836E+11   2.755000E-01
   4.214000E+05   5.192000E+14   1.830034E+11   2.751000E-01
   4.334000E+05   5.149000E+14   1.825392E+11   2.745000E-01
   4.457000E+05   5.104000E+14   1.821910E+11   2.739000E-01
   4.583000E+05   5.056000E+14   1.817269E+11   2.732000E-01
   4.713000E+05   5.005000E+14   1.813787E+11   2.725000E-01
   4.847000E+05   4.951000E+14   1.812627E+11   2.716000E-01
   4.984000E+05   4.894000E+14   1.806825E+11   2.708000E-01
   5.126000E+05   4.833000E+14   1.802183E+11   2.699000E-01
   5.271000E+05   4.769000E+14   1.798701E+11   2.690000E-01
   5.421000E+05   4.700000E+14   1.799862E+11   2.680000E-01
   5.575000E+05   4.628000E+14   1.804504E+11   2.670000E-01
   5.733000E+05   4.549000E+14   1.816108E+11   2.659000E-01
   5.896000E+05   4.465000E+14   1.834675E+11   2.648000E-01
   6.063000E+05   4.374000E+14   1.856724E+11   2.638000E-01
   6.235000E+05   4.276000E+14   1.892698E+11   2.628000E-01
   6.412000E+05   4.168000E+14   1.947239E+11   2.618000E-01
   6.594000E+05   4.049000E+14   2.024990E+11   2.610000E-01
   6.781000E+05   3.916000E+14   2.122468E+11   2.605000E-01
   6.973000E+05   3.768000E+14   2.252438E+11   2.603000E-01
   7.171000E+05   3.600000E+14   2.424185E+11   2.605000E-01
   7.375000E+05   3.410000E+14   2.635388E+11   2.613000E-01
   7.584000E+05   3.197000E+14   2.893008E+11   2.626000E-01
   7.799000E+05   2.962000E+14   3.190084E+11   2.645000E-01
   8.021000E+05   2.713000E+14   3.508048E+11   2.667000E-01
   8.248000E+05   2.458000E+14   3.830654E+11   2.689000E-01
   8.482001E+05   2.212000E+14   4.131211E+11   2.708000E-01
   8.722999E+05   1.985000E+14   4.392313E+11   2.723000E-01
   8.970000E+05   1.782000E+14   4.606997E+11   2.730000E-01
   9.225001E+05   1.606000E+14   4.771781E+11   2.728000E-01
   9.487001E+05   1.454000E+14   4.891308E+11   2.719000E-01
   9.755999E+05   1.324000E+14   4.971378E+11   2.699000E-01
   1.003000E+06   1.213000E+14   5.015476E+11   2.669000E-01
   1.032000E+06   1.117000E+14   5.029401E+11   2.630000E-01
   1.061000E+06   1.035000E+14   5.017797E+11   2.578000E-01
   1.091000E+06   9.666000E+13   4.974860E+11   2.511000E-01
   1.122000E+06   9.048000E+13   4.917998E+11   2.442000E-01
   1.154000E+06   8.489000E+13   4.846049E+11   2.369000E-01
   1.187000E+06   7.999000E+13   4.756695E+11   2.288000E-01
   1.220000E+06   7.554000E+13   4.654575E+11   2.206000E-01
   1.255000E+06   7.150000E+13   4.538530E+11   2.121000E-01
   1.291000E+06   6.776000E+13   4.412040E+11   2.036000E-01
   1.327000E+06   6.421000E+13   4.276267E+11   1.952000E-01
   1.365000E+06   6.080000E+13   4.133532E+11   1.873000E-01
   1.403000E+06   5.756000E+13   3.987315E+11   1.796000E-01
   1.440000E+06   5.450000E+13   3.841098E+11   1.726000E-01
   1.478000E+06   5.159000E+13   3.694881E+11   1.661000E-01
   1.514000E+06   4.884000E+13   3.552145E+11   1.598000E-01
   1.550000E+06   4.622000E+13   3.412891E+11   1.540000E-01
   1.585000E+06   4.374000E+13   3.275957E+11   1.484000E-01
   1.620000E+06   4.140000E+13   3.142505E+11   1.431000E-01
   1.653000E+06   3.919000E+13   3.014856E+11   1.379000E-01
   1.685000E+06   3.711000E+13   2.889527E+11   1.330000E-01
   1.716000E+06   3.515000E+13   2.770000E+11   1.282000E-01
   1.746000E+06   3.333000E+13   2.656276E+11   1.234000E-01
   1.775000E+06   3.162000E+13   2.547193E+11   1.190000E-01
   1.802000E+06   3.003000E+13   2.443913E+11   1.147000E-01
   1.828000E+06   2.855000E+13   2.346435E+11   1.105000E-01
   1.853000E+06   2.718000E+13   2.255920E+11   1.067000E-01
   1.877000E+06   2.587000E+13   2.168886E+11   1.029000E-01
   1.901000E+06   2.456000E+13   2.080691E+11   9.896000E-02
   1.925000E+06   2.323000E+13   1.993657E+11   9.525000E-02
   1.950000E+06   2.191000E+13   1.905463E+11   9.144000E-02
   1.975000E+06   2.058000E+13   1.819590E+11   8.758000E-02
   2.000000E+06   1.923000E+13   1.734877E+11   8.404000E-02
   2.026000E+06   1.787000E+13   1.651324E+11   8.066000E-02
   2.052000E+06   1.650000E+13   1.570092E+11   7.739000E-02
   2.078000E+06   1.511000E+13   1.493502E+11   7.437000E-02
   2.105000E+06   1.372000E+13   1.420394E+11   7.207000E-02
   2.132000E+06   1.232000E+13   1.354248E+11   7.024000E-02
   2.159000E+06   1.097000E+13   1.292744E+11   6.895000E-02
   2.187000E+06   9.668000E+12   1.237042E+11   6.822000E-02
   2.215000E+06   8.459000E+12   1.185982E+11   6.799000E-02
   2.243000E+06   7.359000E+12   1.138520E+11   6.809000E-02
   2.272000E+06   6.376000E+12   1.094075E+11   6.841000E-02
   2.301000E+06   5.507000E+12   1.051718E+11   6.897000E-02
   2.331000E+06   4.746000E+12   1.011102E+11   6.961000E-02
   2.361000E+06   4.081000E+12   9.722271E+10   7.032000E-02
   2.391000E+06   3.501000E+12   9.349766E+10   7.117000E-02
   2.421000E+06   2.996000E+12   8.994667E+10   7.220000E-02
   2.453000E+06   2.557000E+12   8.658136E+10   7.333000E-02
   2.484000E+06   2.175000E+12   8.342494E+10   7.475000E-02
   2.516000E+06   1.844000E+12   8.045417E+10   7.666000E-02
   2.548000E+06   1.559000E+12   7.769230E+10   7.878000E-02
   2.581000E+06   1.314000E+12   7.515090E+10   8.130000E-02
   2.614000E+06   1.105000E+12   7.281839E+10   8.415000E-02
   2.648000E+06   9.260000E+11   7.069476E+10   8.744000E-02
   2.682000E+06   7.738000E+11   6.875682E+10   9.151000E-02
   2.716000E+06   6.451000E+11   6.699292E+10   9.596000E-02
   2.751000E+06   5.367000E+11   6.540311E+10   1.011000E-01
   2.786000E+06   4.459000E+11   6.401056E+10   1.070000E-01
   2.822000E+06   3.702000E+11   6.278048E+10   1.135000E-01
   2.858000E+06   3.069000E+11   6.170126E+10   1.210000E-01
   2.895000E+06   2.543000E+11   6.077290E+10   1.294000E-01
   2.932000E+06   2.108000E+11   5.998379E+10   1.386000E-01
   2.969000E+06   1.746000E+11   5.932233E+10   1.489000E-01
   3.007000E+06   1.445000E+11   5.874210E+10   1.605000E-01
   3.046000E+06   1.196000E+11   5.828952E+10   1.732000E-01
   3.085000E+06   9.931000E+10   5.801102E+10   1.873000E-01
   3.125000E+06   8.246000E+10   5.787177E+10   2.028000E-01
   3.165000E+06   6.835000E+10   5.783695E+10   2.198000E-01
   3.205000E+06   5.663000E+10   5.799942E+10   2.388000E-01
   3.247000E+06   4.679000E+10   5.839397E+10   2.598000E-01
   3.288000E+06   3.841000E+10   5.883494E+10   2.827000E-01
   3.330000E+06   3.166000E+10   5.933394E+10   3.058000E-01
   3.373000E+06   2.646000E+10   5.976331E+10   3.275000E-01
   3.416000E+06   2.230000E+10   5.990256E+10   3.467000E-01
   3.460000E+06   1.902000E+10   5.980972E+10   3.632000E-01
   3.505000E+06   1.658000E+10   5.962405E+10   3.770000E-01
   3.549000E+06   1.470000E+10   5.915987E+10   3.872000E-01
   3.595000E+06   1.309000E+10   5.863766E+10   3.967000E-01
   3.641000E+06   1.166000E+10   5.820830E+10   4.063000E-01
   3.688000E+06   1.073000E+10   5.739598E+10   4.113000E-01
   3.735000E+06   9.952000E+09   5.665329E+10   4.156000E-01
   3.783000E+06   8.950000E+09   5.627034E+10   4.240000E-01
   3.832000E+06   8.277000E+09   5.564370E+10   4.288000E-01
   3.881000E+06   7.852000E+09   5.480817E+10   4.304000E-01
   3.930000E+06   7.466000E+09   5.398425E+10   4.321000E-01
   3.981000E+06   7.060000E+09   5.319515E+10   4.346000E-01
   4.032000E+06   6.432000E+09   5.283540E+10   4.416000E-01
   4.087000E+06   5.967000E+09   5.222036E+10   4.455000E-01
   4.149000E+06   5.744000E+09   5.123398E+10   4.464000E-01
   4.218000E+06   5.369000E+09   5.032883E+10   4.488000E-01
   4.295000E+06   4.966000E+09   4.948170E+10   4.528000E-01
   4.380000E+06   4.605000E+09   4.848370E+10   4.562000E-01
   4.474000E+06   4.295000E+09   4.746251E+10   4.590000E-01
   4.577000E+06   3.944000E+09   4.631366E+10   4.628000E-01
   4.689000E+06   3.610000E+09   4.525765E+10   4.671000E-01
   4.811000E+06   3.322000E+09   4.401596E+10   4.705000E-01
   4.944000E+06   3.078000E+09   4.276267E+10   4.730000E-01
   5.084000E+06   2.831000E+09   4.149778E+10   4.761000E-01
   5.228000E+06   2.578000E+09   4.036054E+10   4.804000E-01
   5.377000E+06   2.384000E+09   3.914206E+10   4.829000E-01
   5.529000E+06   2.234000E+09   3.793519E+10   4.843000E-01
   5.686000E+06   2.062000E+09   3.670511E+10   4.869000E-01
   5.848000E+06   1.892000E+09   3.573033E+10   4.899000E-01
   6.014000E+06   1.757000E+09   3.441902E+10   4.908000E-01
   6.184000E+06   1.647000E+09   3.343264E+10   4.920000E-01
   6.360000E+06   1.480000E+09   3.221416E+10   4.941000E-01
   6.540000E+06   1.383000E+09   3.139024E+10   4.950000E-01
   6.726000E+06   1.254000E+09   3.005572E+10   4.959000E-01
   6.917000E+06   1.191000E+09   2.934784E+10   4.963000E-01
   7.113000E+06   1.019000E+09   2.745631E+10   4.967000E-01
   7.315000E+06   8.284000E+08   2.554156E+10   4.966000E-01
   7.522000E+06   4.316000E+08   2.011064E+10   4.958000E-01
   7.736000E+06   1.660000E+08   1.091173E+10   4.955000E-01
   7.955000E+06   1.292000E+08   9.500625E+09   4.954000E-01
   8.181000E+06   1.228000E+08   9.407788E+09   4.958000E-01
   8.413000E+06   1.150000E+08   9.309150E+09   4.959000E-01
   8.652000E+06   1.123000E+08   9.276657E+09   4.962000E-01
   8.897000E+06   1.057000E+08   9.150168E+09   4.964000E-01
   9.150000E+06   1.027000E+08   9.102589E+09   4.967000E-01
   9.409000E+06   9.748000E+07   9.000470E+09   4.969000E-01
   9.676000E+06   9.540000E+07   8.945928E+09   4.972000E-01
   9.951000E+06   9.076000E+07   8.858894E+09   4.974000E-01
   1.023000E+07   8.806000E+07   8.805514E+09   4.977000E-01
   1.052000E+07   8.367000E+07   8.704554E+09   4.979000E-01
   1.082000E+07   8.186000E+07   8.638409E+09   4.982000E-01
   1.113000E+07   7.783000E+07   8.552535E+09   4.984000E-01
   1.145000E+07   7.513000E+07   8.481747E+09   4.987000E-01
   1.177000E+07   7.200000E+07   8.403997E+09   4.989000E-01
   1.210000E+07   6.957000E+07   8.349456E+09   4.992000E-01
   1.245000E+07   6.587000E+07   8.243854E+09   4.994000E-01
   1.280000E+07   6.456000E+07   8.184671E+09   4.997000E-01
   1.316000E+07   6.090000E+07   8.083713E+09   4.998000E-01
   1.354000E+07   5.881000E+07   7.577755E+09   5.000000E-01
   1.392000E+07   5.705000E+07   7.560348E+09   5.000000E-01
   1.432000E+07   5.425000E+07   7.532497E+09   5.000000E-01
   1.472000E+07   5.280000E+07   7.517412E+09   5.000000E-01
   1.514000E+07   5.004000E+07   7.487240E+09   5.000000E-01
   1.557000E+07   4.878000E+07   7.473314E+09   5.000000E-01
   1.601000E+07   4.627000E+07   7.444303E+09   5.000000E-01
   1.647000E+07   4.507000E+07   7.429217E+09   5.000000E-01
   1.693000E+07   4.266000E+07   7.400206E+09   5.000000E-01
   1.741000E+07   4.154000E+07   7.386280E+09   5.000000E-01
   1.791000E+07   3.936000E+07   7.357269E+09   5.000000E-01
   1.842000E+07   3.840000E+07   7.343343E+09   5.000000E-01
   1.894000E+07   3.652000E+07   7.316653E+09   5.000000E-01
   1.948000E+07   3.570000E+07   7.305048E+09   5.000000E-01
   2.003000E+07   3.413000E+07   7.281840E+09   5.000000E-01
   2.060000E+07   3.341000E+07   7.270235E+09   5.000000E-01
   2.118000E+07   3.188000E+07   7.245865E+09   5.000000E-01
   2.178000E+07   3.112000E+07   7.233101E+09   5.000000E-01
   2.240000E+07   2.954000E+07   7.206410E+09   5.000000E-01
   2.304000E+07   2.871000E+07   7.191324E+09   5.000000E-01
   2.369000E+07   2.704000E+07   7.161153E+09   5.000000E-01
   2.436000E+07   2.610000E+07   7.143746E+09   5.000000E-01
   2.505000E+07   2.461000E+07   7.113573E+09   5.000000E-01
   2.576000E+07   2.411000E+07   7.009133E+09   5.000000E-01
   2.650000E+07   2.339000E+07   6.940666E+09   5.000000E-01
   2.725000E+07   2.300000E+07   6.797930E+09   5.000000E-01
   2.802000E+07   2.204000E+07   6.760796E+09   5.000000E-01
   2.882000E+07   2.135000E+07   6.638948E+09   5.000000E-01
   2.963000E+07   2.005000E+07   6.576284E+09   5.000000E-01
   3.048000E+07   1.924000E+07   6.485769E+09   5.000000E-01
   3.134000E+07   1.849000E+07   6.452116E+09   5.000000E-01
   3.223000E+07   1.814000E+07   6.322145E+09   5.000000E-01
   3.314000E+07   1.733000E+07   6.278048E+09   5.000000E-01
   3.408000E+07   1.686000E+07   6.157361E+09   5.000000E-01
   3.505000E+07   1.594000E+07   6.127189E+09   5.000000E-01
   3.604000E+07   1.502000E+07   6.018106E+09   5.000000E-01
   3.707000E+07   1.466000E+07   5.939196E+09   5.000000E-01
   3.812000E+07   1.433000E+07   5.899741E+09   5.000000E-01
   3.919000E+07   1.351000E+07   5.798781E+09   5.000000E-01
   4.028000E+07   1.311000E+07   5.754684E+09   5.000000E-01
   4.138000E+07   1.265000E+07   5.683896E+09   5.000000E-01
   4.249000E+07   1.236000E+07   5.572493E+09   5.000000E-01
   4.362000E+07   1.180000E+07   5.533038E+09   5.000000E-01
   4.476000E+07   1.120000E+07   5.447164E+09   5.000000E-01
   4.592000E+07   1.092000E+07   5.410030E+09   5.000000E-01
   4.709000E+07   1.057000E+07   5.316033E+09   5.000000E-01
   4.828000E+07   1.015000E+07   5.284701E+09   5.000000E-01
   4.948000E+07   9.769000E+06   5.209271E+09   5.000000E-01
   5.069000E+07   9.494000E+06   5.187223E+09   5.000000E-01
   5.192000E+07   9.144000E+06   5.122237E+09   5.000000E-01
   5.317000E+07   9.008000E+06   5.089745E+09   5.000000E-01
   5.443000E+07   8.607000E+06   5.015476E+09   5.000000E-01
   5.571000E+07   8.427000E+06   4.991106E+09   5.000000E-01
   5.700000E+07   8.253000E+06   4.934244E+09   5.000000E-01
   5.831000E+07   8.007000E+06   4.880863E+09   5.000000E-01
   5.963000E+07   7.842000E+06   4.826322E+09   5.000000E-01
   6.098000E+07   7.729000E+06   4.803113E+09   5.000000E-01
   6.233000E+07   7.434000E+06   4.745090E+09   5.000000E-01
   6.371000E+07   7.256000E+06   4.696351E+09   5.000000E-01
   6.510000E+07   7.187000E+06   4.676623E+09   5.000000E-01
   6.651000E+07   6.969000E+06   4.623243E+09   5.000000E-01
   6.794000E+07   6.744000E+06   4.569862E+09   5.000000E-01
   6.939000E+07   6.632000E+06   4.547813E+09   5.000000E-01
   7.085000E+07   6.404000E+06   4.507197E+09   5.000000E-01
   7.233000E+07   6.307000E+06   4.488630E+09   5.000000E-01
   7.383000E+07   6.142000E+06   4.443373E+09   5.000000E-01
   7.535000E+07   6.042000E+06   4.402757E+09   5.000000E-01
   7.689000E+07   5.952000E+06   4.358660E+09   5.000000E-01
   7.845000E+07   5.868000E+06   4.316883E+09   5.000000E-01
   8.003000E+07   5.807000E+06   4.263502E+09   5.000000E-01
   8.162000E+07   5.770000E+06   4.232170E+09   5.000000E-01
   8.324000E+07   5.711000E+06   4.196196E+09   5.000000E-01
   8.488000E+07   5.685000E+06   4.154420E+09   5.000000E-01
   8.654000E+07   5.662000E+06   4.128890E+09   5.000000E-01
   8.821000E+07   5.504000E+06   4.109162E+09   5.000000E-01
   8.991000E+07   5.383000E+06   4.076670E+09   5.000000E-01
   9.163000E+07   5.299000E+06   4.065065E+09   5.000000E-01
   9.338000E+07   5.194000E+06   4.034893E+09   5.000000E-01
   9.514000E+07   5.178000E+06   4.016326E+09   5.000000E-01
   9.692000E+07   5.153000E+06   4.011684E+09   5.000000E-01
   9.873000E+07   5.155000E+06   4.005882E+09   5.000000E-01
   1.006000E+08   5.224000E+06   4.004721E+09   5.000000E-01
   1.024000E+08   5.225000E+06   4.001240E+09   5.000000E-01
   1.043000E+08   5.294000E+06   4.018647E+09   5.000000E-01
   1.062000E+08   5.190000E+06   3.991957E+09   5.000000E-01
   1.081000E+08   4.651000E+06   3.849221E+09   5.000000E-01
   1.101000E+08   3.646000E+06   3.595082E+09   5.000000E-01
   1.120000E+08   3.510000E+06   3.555626E+09   5.000000E-01
   1.140000E+08   3.504000E+06   3.550985E+09   5.000000E-01
   1.161000E+08   3.478000E+06   3.535899E+09   5.000000E-01
   1.181000E+08   3.156000E+06   3.375756E+09   5.000000E-01
   1.202000E+08   3.091000E+06   3.350226E+09   5.000000E-01
   1.223000E+08   3.069000E+06   3.324697E+09   5.000000E-01
   1.244000E+08   3.045000E+06   3.306129E+09   5.000000E-01
   1.266000E+08   3.038000E+06   3.293364E+09   5.000000E-01
   1.287000E+08   2.981000E+06   3.265513E+09   5.000000E-01
   1.309000E+08   2.827000E+06   3.251588E+09   5.000000E-01
   1.332000E+08   2.778000E+06   3.241144E+09   5.000000E-01
   1.354000E+08   2.727000E+06   3.228379E+09   5.000000E-01
   1.377000E+08   2.717000E+06   3.202849E+09   5.000000E-01
   1.400000E+08   2.690000E+06   3.190084E+09   5.000000E-01
   1.424000E+08   2.616000E+06   3.158751E+09   5.000000E-01
   1.448000E+08   2.566000E+06   3.145987E+09   5.000000E-01
   1.472000E+08   2.532000E+06   3.107692E+09   5.000000E-01
   1.496000E+08   2.473000E+06   3.106531E+09   5.000000E-01
   1.521000E+08   2.401000E+06   3.069397E+09   5.000000E-01
   1.546000E+08   2.333000E+06   3.055471E+09   5.000000E-01
   1.571000E+08   2.315000E+06   3.042706E+09   5.000000E-01
   1.596000E+08   2.284000E+06   3.018337E+09   5.000000E-01
   1.622000E+08   2.264000E+06   2.997449E+09   5.000000E-01
   1.649000E+08   2.251000E+06   2.988165E+09   5.000000E-01
   1.675000E+08   2.175000E+06   2.971919E+09   5.000000E-01
   1.702000E+08   2.139000E+06   2.963796E+09   5.000000E-01
   1.729000E+08   2.102000E+06   2.938266E+09   5.000000E-01
   1.757000E+08   2.091000E+06   2.925501E+09   5.000000E-01
   1.785000E+08   2.059000E+06   2.897650E+09   5.000000E-01
   1.813000E+08   2.030000E+06   2.891848E+09   5.000000E-01
   1.842000E+08   1.953000E+06   2.877922E+09   5.000000E-01
   1.871000E+08   1.940000E+06   2.870960E+09   5.000000E-01
   1.900000E+08   1.918000E+06   2.845430E+09   5.000000E-01
   1.930000E+08   1.921000E+06   2.834985E+09   5.000000E-01
   1.960000E+08   1.891000E+06   2.802493E+09   5.000000E-01
   1.990000E+08   1.789000E+06   2.818739E+09   5.000000E-01
   2.021000E+08   1.758000E+06   2.782765E+09   5.000000E-01
   2.052000E+08   1.758000E+06   2.772321E+09   5.000000E-01
   2.084000E+08   1.739000E+06   2.740989E+09   5.000000E-01
   2.116000E+08   1.708000E+06   2.738668E+09   5.000000E-01
   2.148000E+08   1.660000E+06   2.722422E+09   5.000000E-01
   2.181000E+08   1.641000E+06   2.714298E+09   5.000000E-01
   2.215000E+08   1.632000E+06   2.689929E+09   5.000000E-01
   2.248000E+08   1.608000E+06   2.680645E+09   5.000000E-01
   2.282000E+08   1.561000E+06   2.666720E+09   5.000000E-01
   2.317000E+08   1.557000E+06   2.659757E+09   5.000000E-01
   2.352000E+08   1.532000E+06   2.620302E+09   5.000000E-01
   2.387000E+08   1.465000E+06   2.623783E+09   5.000000E-01
   2.423000E+08   1.452000E+06   2.582007E+09   5.000000E-01
   2.459000E+08   1.424000E+06   2.576205E+09   5.000000E-01
   2.496000E+08   1.382000E+06   2.556477E+09   5.000000E-01
   2.533000E+08   1.370000E+06   2.548354E+09   5.000000E-01
   2.571000E+08   1.352000E+06   2.526305E+09   5.000000E-01
   2.609000E+08   1.322000E+06   2.526305E+09   5.000000E-01
   2.647000E+08   1.311000E+06   2.493812E+09   5.000000E-01
   2.686000E+08   1.270000E+06   2.491492E+09   5.000000E-01
   2.726000E+08   1.260000E+06   2.453197E+09   5.000000E-01
   2.766000E+08   1.216000E+06   2.454357E+09   5.000000E-01
   2.806000E+08   1.203000E+06   2.424185E+09   5.000000E-01
   2.848000E+08   1.168000E+06   2.420704E+09   5.000000E-01
   2.889000E+08   1.162000E+06   2.410260E+09   5.000000E-01
   2.931000E+08   1.147000E+06   2.382409E+09   5.000000E-01
   2.974000E+08   1.105000E+06   2.382409E+09   5.000000E-01
   3.017000E+08   1.094000E+06   2.348756E+09   5.000000E-01
   3.060000E+08   1.074000E+06   2.345274E+09   5.000000E-01
   3.105000E+08   1.067000E+06   2.329028E+09   5.000000E-01
   3.150000E+08   1.050000E+06   2.331349E+09   5.000000E-01
   3.195000E+08   1.048000E+06   2.313942E+09   5.000000E-01
   3.241000E+08   1.017000E+06   2.302338E+09   5.000000E-01
   3.287000E+08   9.730000E+05   2.266364E+09   5.000000E-01
   3.334000E+08   9.284000E+05   2.238513E+09   5.000000E-01
   3.382000E+08   8.799000E+05   2.195576E+09   5.000000E-01
   3.430000E+08   8.496000E+05   2.171207E+09   5.000000E-01
   3.479000E+08   8.233000E+05   2.146837E+09   5.000000E-01
   3.528000E+08   8.052000E+05   2.131751E+09   5.000000E-01
   3.578000E+08   7.869000E+05   2.114344E+09   5.000000E-01
   3.629000E+08   7.712000E+05   2.100419E+09   5.000000E-01
   3.680000E+08   7.523000E+05   2.083012E+09   5.000000E-01
   3.732000E+08   7.356000E+05   2.066766E+09   5.000000E-01
   3.785000E+08   7.150000E+05   2.047038E+09   5.000000E-01
   3.838000E+08   6.973000E+05   2.029631E+09   5.000000E-01
   3.892000E+08   6.793000E+05   2.012225E+09   5.000000E-01
   3.947000E+08   6.626000E+05   1.997139E+09   5.000000E-01
   4.002000E+08   6.416000E+05   1.975090E+09   5.000000E-01
   4.058000E+08   6.254000E+05   1.958844E+09   5.000000E-01
   4.115000E+08   6.087000E+05   1.940277E+09   5.000000E-01
   4.172000E+08   5.926000E+05   1.922870E+09   5.000000E-01
   4.230000E+08   5.773000E+05   1.905463E+09   5.000000E-01
   4.289000E+08   5.611000E+05   1.886896E+09   5.000000E-01
   4.349000E+08   5.445000E+05   1.868329E+09   5.000000E-01
   4.409000E+08   5.310000E+05   1.852082E+09   5.000000E-01
   4.470000E+08   5.164000E+05   1.834675E+09   5.000000E-01
   4.532000E+08   5.040000E+05   1.819590E+09   5.000000E-01
   4.594000E+08   4.909000E+05   1.802183E+09   5.000000E-01
   4.658000E+08   4.765000E+05   1.784776E+09   5.000000E-01
   4.722000E+08   4.637000E+05   1.768530E+09   5.000000E-01
   4.787000E+08   4.487000E+05   1.748802E+09   5.000000E-01
   4.853000E+08   4.369000E+05   1.733716E+09   5.000000E-01
   4.919000E+08   4.245000E+05   1.716309E+09   5.000000E-01
   4.987000E+08   4.140000E+05   1.701223E+09   5.000000E-01
   5.055000E+08   4.017000E+05   1.683817E+09   5.000000E-01
   5.124000E+08   3.908000E+05   1.667570E+09   5.000000E-01
   5.194000E+08   3.781000E+05   1.649003E+09   5.000000E-01
   5.265000E+08   3.685000E+05   1.633917E+09   5.000000E-01
   5.337000E+08   3.576000E+05   1.616510E+09   5.000000E-01
   5.410000E+08   3.498000E+05   1.603745E+09   5.000000E-01
   5.483000E+08   3.394000E+05   1.587499E+09   5.000000E-01
   5.558000E+08   3.314000E+05   1.574734E+09   5.000000E-01
   5.633000E+08   3.197000E+05   1.556167E+09   5.000000E-01
   5.709000E+08   3.107000E+05   1.539920E+09   5.000000E-01
   5.787000E+08   2.993000E+05   1.520193E+09   5.000000E-01
   5.865000E+08   2.907000E+05   1.506267E+09   5.000000E-01
   5.944000E+08   2.822000E+05   1.492342E+09   5.000000E-01
   6.025000E+08   2.748000E+05   1.476096E+09   5.000000E-01
   6.106000E+08   2.716000E+05   1.456368E+09   5.000000E-01
   6.188000E+08   2.570000E+05   1.449405E+09   5.000000E-01
   6.271000E+08   2.511000E+05   1.443603E+09   5.000000E-01
   6.356000E+08   2.507000E+05   1.383259E+09   5.000000E-01
   6.441000E+08   2.260000E+05   1.407629E+09   5.000000E-01
   6.528000E+08   2.245000E+05   1.390222E+09   5.000000E-01
   6.615000E+08   2.281000E+05   1.347285E+09   5.000000E-01
   6.704000E+08   2.120000E+05   1.361211E+09   5.000000E-01
   6.794000E+08   2.136000E+05   1.317114E+09   5.000000E-01
   6.884000E+08   1.971000E+05   1.329879E+09   5.000000E-01
   6.976000E+08   1.964000E+05   1.296225E+09   5.000000E-01
   7.070000E+08   1.892000E+05   1.297386E+09   5.000000E-01
   7.164000E+08   1.831000E+05   1.278819E+09   5.000000E-01
   7.259000E+08   1.787000E+05   1.268375E+09   5.000000E-01
   7.356000E+08   1.724000E+05   1.253289E+09   5.000000E-01
   7.454000E+08   1.677000E+05   1.240524E+09   5.000000E-01
   7.553000E+08   1.622000E+05   1.226598E+09   5.000000E-01
   7.653000E+08   1.572000E+05   1.213833E+09   5.000000E-01
   7.755000E+08   1.519000E+05   1.198747E+09   5.000000E-01
   7.858000E+08   1.471000E+05   1.185982E+09   5.000000E-01
   7.962000E+08   1.423000E+05   1.172057E+09   5.000000E-01
   8.068000E+08   1.382000E+05   1.159640E+09   5.000000E-01
   8.174000E+08   1.340000E+05   1.146875E+09   5.000000E-01
   8.282000E+08   1.304000E+05   1.135619E+09   5.000000E-01
   8.392000E+08   1.267000E+05   1.124478E+09   5.000000E-01
   8.503000E+08   1.241000E+05   1.116819E+09   5.000000E-01
   8.615000E+08   1.213000E+05   1.107884E+09   5.000000E-01
   8.729000E+08   1.203000E+05   1.104983E+09   5.000000E-01
   8.844000E+08   1.185000E+05   1.098020E+09   5.000000E-01
   8.960000E+08   1.170000E+05   1.096976E+09   5.000000E-01
   9.078000E+08   1.160000E+05   1.086300E+09   5.000000E-01
   9.198000E+08   1.143000E+05   1.086184E+09   5.000000E-01
   9.318000E+08   1.139000E+05   1.078641E+09   5.000000E-01
   9.441000E+08   1.144000E+05   1.075856E+09   5.000000E-01
   9.565000E+08   1.146000E+05   1.072258E+09   5.000000E-01
   9.690000E+08   1.093000E+05   1.086416E+09   5.000000E-01
   9.817000E+08   1.016000E+05   1.096976E+09   5.000000E-01
   9.941000E+08   8.828000E+04   1.148036E+09   5.000000E-01
