# VX_G15/datafileVX-G15h+003.txt from Rampp & Janka (2002)
number of variables = 3
number of lines = 400
dens
temp
ye  
   1.167000E+04   3.739000E+14   1.566611E+11   2.700000E-01
   3.500000E+04   3.733000E+14   1.561969E+11   2.779000E-01
   5.833000E+04   3.736000E+14   1.535279E+11   2.762000E-01
   9.272000E+04   3.719000E+14   1.525995E+11   2.769000E-01
   1.302000E+05   3.696000E+14   1.509749E+11   2.772000E-01
   1.545000E+05   3.677000E+14   1.502786E+11   2.776000E-01
   1.703000E+05   3.663000E+14   1.496984E+11   2.775000E-01
   1.806000E+05   3.653000E+14   1.493502E+11   2.775000E-01
   1.872000E+05   3.647000E+14   1.490021E+11   2.775000E-01
   1.925000E+05   3.642000E+14   1.487700E+11   2.774000E-01
   1.980000E+05   3.636000E+14   1.485379E+11   2.774000E-01
   2.036000E+05   3.630000E+14   1.483058E+11   2.773000E-01
   2.094000E+05   3.623000E+14   1.480737E+11   2.773000E-01
   2.153000E+05   3.616000E+14   1.478416E+11   2.772000E-01
   2.214000E+05   3.609000E+14   1.476096E+11   2.772000E-01
   2.277000E+05   3.602000E+14   1.473775E+11   2.771000E-01
   2.342000E+05   3.594000E+14   1.471454E+11   2.771000E-01
   2.408000E+05   3.585000E+14   1.467972E+11   2.770000E-01
   2.476000E+05   3.576000E+14   1.465652E+11   2.769000E-01
   2.547000E+05   3.566000E+14   1.462170E+11   2.768000E-01
   2.619000E+05   3.556000E+14   1.458689E+11   2.768000E-01
   2.693000E+05   3.546000E+14   1.455207E+11   2.767000E-01
   2.770000E+05   3.534000E+14   1.451726E+11   2.767000E-01
   2.848000E+05   3.522000E+14   1.448245E+11   2.766000E-01
   2.929000E+05   3.510000E+14   1.444763E+11   2.765000E-01
   3.012000E+05   3.496000E+14   1.440121E+11   2.765000E-01
   3.098000E+05   3.482000E+14   1.435480E+11   2.764000E-01
   3.186000E+05   3.468000E+14   1.428517E+11   2.763000E-01
   3.276000E+05   3.453000E+14   1.419233E+11   2.762000E-01
   3.369000E+05   3.438000E+14   1.408789E+11   2.760000E-01
   3.465000E+05   3.422000E+14   1.398345E+11   2.758000E-01
   3.563000E+05   3.403000E+14   1.393703E+11   2.757000E-01
   3.664000E+05   3.382000E+14   1.393703E+11   2.757000E-01
   3.768000E+05   3.359000E+14   1.394864E+11   2.756000E-01
   3.875000E+05   3.336000E+14   1.392543E+11   2.755000E-01
   3.985000E+05   3.312000E+14   1.389062E+11   2.754000E-01
   4.098000E+05   3.287000E+14   1.383259E+11   2.752000E-01
   4.214000E+05   3.260000E+14   1.376297E+11   2.751000E-01
   4.334000E+05   3.232000E+14   1.370494E+11   2.750000E-01
   4.457000E+05   3.202000E+14   1.362371E+11   2.749000E-01
   4.583000E+05   3.171000E+14   1.355409E+11   2.747000E-01
   4.713000E+05   3.138000E+14   1.347285E+11   2.746000E-01
   4.847000E+05   3.103000E+14   1.339162E+11   2.745000E-01
   4.984000E+05   3.065000E+14   1.333360E+11   2.744000E-01
   5.126000E+05   3.026000E+14   1.325237E+11   2.742000E-01
   5.271000E+05   2.986000E+14   1.314793E+11   2.741000E-01
   5.421000E+05   2.941000E+14   1.306670E+11   2.740000E-01
   5.575000E+05   2.896000E+14   1.291584E+11   2.739000E-01
   5.733000E+05   2.848000E+14   1.275337E+11   2.736000E-01
   5.896000E+05   2.792000E+14   1.279979E+11   2.738000E-01
   6.063000E+05   2.740000E+14   1.261412E+11   2.734000E-01
   6.235000E+05   2.678000E+14   1.261412E+11   2.738000E-01
   6.412000E+05   2.618000E+14   1.245165E+11   2.734000E-01
   6.594000E+05   2.551000E+14   1.240524E+11   2.739000E-01
   6.781000E+05   2.495000E+14   1.191785E+11   2.728000E-01
   6.973000E+05   2.407000E+14   1.223117E+11   2.740000E-01
   7.171000E+05   2.346000E+14   1.165094E+11   2.730000E-01
   7.375000E+05   2.250000E+14   1.192945E+11   2.740000E-01
   7.584000E+05   2.180000E+14   1.137592E+11   2.733000E-01
   7.799000E+05   2.081000E+14   1.146411E+11   2.737000E-01
   8.021000E+05   1.977000E+14   1.157435E+11   2.744000E-01
   8.248000E+05   1.883000E+14   1.128540E+11   2.741000E-01
   8.482001E+05   1.755000E+14   1.170897E+11   2.747000E-01
   8.722999E+05   1.634000E+14   1.179020E+11   2.763000E-01
   8.970000E+05   1.525000E+14   1.166255E+11   2.737000E-01
   9.225001E+05   1.361000E+14   1.239363E+11   2.772000E-01
   9.487001E+05   1.244000E+14   1.232401E+11   2.754000E-01
   9.755999E+05   1.094000E+14   1.278819E+11   2.764000E-01
   1.003000E+06   9.480000E+13   1.313632E+11   2.800000E-01
   1.032000E+06   8.236000E+13   1.341483E+11   2.792000E-01
   1.061000E+06   6.804000E+13   1.413431E+11   2.853000E-01
   1.091000E+06   5.685000E+13   1.467972E+11   2.896000E-01
   1.122000E+06   4.869000E+13   1.502786E+11   2.898000E-01
   1.154000E+06   4.234000E+13   1.520193E+11   2.879000E-01
   1.187000E+06   3.692000E+13   1.530637E+11   2.866000E-01
   1.220000E+06   3.223000E+13   1.537600E+11   2.859000E-01
   1.255000E+06   2.813000E+13   1.543402E+11   2.863000E-01
   1.291000E+06   2.461000E+13   1.548044E+11   2.871000E-01
   1.327000E+06   2.162000E+13   1.551525E+11   2.879000E-01
   1.365000E+06   1.907000E+13   1.552685E+11   2.887000E-01
   1.404000E+06   1.688000E+13   1.552685E+11   2.894000E-01
   1.443000E+06   1.500000E+13   1.551525E+11   2.903000E-01
   1.484000E+06   1.339000E+13   1.548044E+11   2.911000E-01
   1.527000E+06   1.199000E+13   1.542241E+11   2.920000E-01
   1.570000E+06   1.077000E+13   1.535279E+11   2.929000E-01
   1.614000E+06   9.712000E+12   1.525995E+11   2.939000E-01
   1.660000E+06   8.787000E+12   1.514390E+11   2.949000E-01
   1.707000E+06   7.977000E+12   1.500465E+11   2.960000E-01
   1.756000E+06   7.270000E+12   1.484219E+11   2.970000E-01
   1.805000E+06   6.648000E+12   1.464491E+11   2.979000E-01
   1.857000E+06   6.104000E+12   1.442442E+11   2.985000E-01
   1.909000E+06   5.619000E+12   1.418073E+11   2.991000E-01
   1.964000E+06   5.191000E+12   1.391383E+11   2.994000E-01
   2.019000E+06   4.809000E+12   1.363532E+11   2.995000E-01
   2.077000E+06   4.466000E+12   1.332199E+11   2.994000E-01
   2.136000E+06   4.157000E+12   1.300867E+11   2.988000E-01
   2.196000E+06   3.878000E+12   1.266054E+11   2.980000E-01
   2.259000E+06   3.624000E+12   1.231240E+11   2.968000E-01
   2.323000E+06   3.389000E+12   1.195266E+11   2.954000E-01
   2.389000E+06   3.170000E+12   1.160453E+11   2.939000E-01
   2.456000E+06   2.963000E+12   1.125755E+11   2.927000E-01
   2.526000E+06   2.768000E+12   1.091638E+11   2.913000E-01
   2.598000E+06   2.585000E+12   1.057985E+11   2.899000E-01
   2.671000E+06   2.415000E+12   1.024912E+11   2.881000E-01
   2.747000E+06   2.254000E+12   9.927672E+10   2.861000E-01
   2.825000E+06   2.102000E+12   9.616670E+10   2.840000E-01
   2.905000E+06   1.958000E+12   9.321915E+10   2.818000E-01
   2.988000E+06   1.819000E+12   9.039925E+10   2.798000E-01
   3.073000E+06   1.689000E+12   8.773021E+10   2.774000E-01
   3.160000E+06   1.564000E+12   8.515400E+10   2.753000E-01
   3.249000E+06   1.448000E+12   8.271705E+10   2.726000E-01
   3.341000E+06   1.337000E+12   8.037294E+10   2.702000E-01
   3.436000E+06   1.236000E+12   7.819129E+10   2.673000E-01
   3.534000E+06   1.137000E+12   7.609088E+10   2.649000E-01
   3.634000E+06   1.048000E+12   7.419933E+10   2.622000E-01
   3.737000E+06   9.608000E+11   7.236582E+10   2.601000E-01
   3.843000E+06   8.806000E+11   7.060193E+10   2.578000E-01
   3.952000E+06   8.041000E+11   6.890767E+10   2.561000E-01
   4.065000E+06   7.352000E+11   6.728303E+10   2.541000E-01
   4.180000E+06   6.713000E+11   6.568161E+10   2.524000E-01
   4.298000E+06   6.150000E+11   6.413821E+10   2.503000E-01
   4.420000E+06   5.616000E+11   6.250197E+10   2.482000E-01
   4.546000E+06   5.143000E+11   6.083092E+10   2.460000E-01
   4.675000E+06   4.696000E+11   5.917147E+10   2.441000E-01
   4.808000E+06   4.290000E+11   5.746561E+10   2.425000E-01
   4.944000E+06   3.903000E+11   5.582937E+10   2.416000E-01
   5.084000E+06   3.559000E+11   5.433239E+10   2.418000E-01
   5.228000E+06   3.228000E+11   5.261491E+10   2.425000E-01
   5.377000E+06   2.962000E+11   5.093226E+10   2.439000E-01
   5.529000E+06   2.646000E+11   4.799632E+10   2.509000E-01
   5.686000E+06   2.362000E+11   4.301797E+10   2.686000E-01
   5.848000E+06   1.750000E+11   3.183121E+10   3.712000E-01
   6.014000E+06   7.534000E+10   2.464801E+10   4.871000E-01
   6.184000E+06   3.613000E+10   1.807985E+10   4.829000E-01
   6.360000E+06   3.272000E+10   1.702384E+10   4.766000E-01
   6.540000E+06   2.974000E+10   1.653645E+10   4.712000E-01
   6.726000E+06   2.859000E+10   1.635078E+10   4.687000E-01
   6.917000E+06   2.672000E+10   1.602585E+10   4.634000E-01
   7.113000E+06   2.536000E+10   1.585178E+10   4.613000E-01
   7.315000E+06   2.412000E+10   1.567771E+10   4.595000E-01
   7.522000E+06   2.269000E+10   1.544562E+10   4.561000E-01
   7.736000E+06   2.148000E+10   1.530637E+10   4.543000E-01
   7.955000E+06   1.993000E+10   1.503946E+10   4.533000E-01
   8.181000E+06   1.949000E+10   1.492342E+10   4.514000E-01
   8.413000E+06   1.855000E+10   1.478417E+10   4.498000E-01
   8.652000E+06   1.705000E+10   1.457528E+10   4.489000E-01
   8.897000E+06   1.620000E+10   1.441282E+10   4.480000E-01
   9.150000E+06   1.551000E+10   1.427357E+10   4.470000E-01
   9.409000E+06   1.443000E+10   1.411110E+10   4.466000E-01
   9.676000E+06   1.364000E+10   1.394864E+10   4.462000E-01
   9.951000E+06   1.296000E+10   1.380939E+10   4.458000E-01
   1.023000E+07   1.223000E+10   1.367013E+10   4.455000E-01
   1.052000E+07   1.177000E+10   1.356569E+10   4.453000E-01
   1.082000E+07   1.115000E+10   1.343804E+10   4.453000E-01
   1.113000E+07   1.005000E+10   1.321755E+10   4.456000E-01
   1.145000E+07   9.446000E+09   1.311311E+10   4.457000E-01
   1.177000E+07   9.044000E+09   1.303188E+10   4.458000E-01
   1.210000E+07   8.682000E+09   1.291584E+10   4.462000E-01
   1.245000E+07   8.039000E+09   1.275337E+10   4.466000E-01
   1.280000E+07   7.374000E+09   1.257931E+10   4.470000E-01
   1.316000E+07   6.983000E+09   1.248647E+10   4.472000E-01
   1.354000E+07   6.613000E+09   1.239363E+10   4.476000E-01
   1.392000E+07   6.254000E+09   1.231240E+10   4.482000E-01
   1.432000E+07   5.768000E+09   1.214994E+10   4.488000E-01
   1.472000E+07   5.313000E+09   1.199908E+10   4.491000E-01
   1.514000E+07   5.023000E+09   1.189464E+10   4.496000E-01
   1.557000E+07   4.777000E+09   1.181341E+10   4.504000E-01
   1.601000E+07   4.456000E+09   1.170896E+10   4.507000E-01
   1.647000E+07   4.097000E+09   1.157899E+10   4.513000E-01
   1.693000E+07   3.926000E+09   1.150125E+10   4.520000E-01
   1.741000E+07   3.612000E+09   1.136431E+10   4.524000E-01
   1.791000E+07   3.346000E+09   1.124246E+10   4.530000E-01
   1.842000E+07   3.074000E+09   1.111597E+10   4.537000E-01
   1.894000E+07   2.956000E+09   1.106608E+10   4.540000E-01
   1.948000E+07   2.686000E+09   1.092102E+10   4.547000E-01
   2.003000E+07   2.523000E+09   1.082122E+10   4.551000E-01
   2.060000E+07   2.340000E+09   1.067848E+10   4.559000E-01
   2.118000E+07   2.192000E+09   1.059493E+10   4.561000E-01
   2.178000E+07   2.044000E+09   1.050093E+10   4.568000E-01
   2.240000E+07   1.928000E+09   1.042086E+10   4.573000E-01
   2.304000E+07   1.742000E+09   1.027233E+10   4.578000E-01
   2.369000E+07   1.640000E+09   1.018529E+10   4.584000E-01
   2.436000E+07   1.510000E+09   1.005184E+10   4.588000E-01
   2.505000E+07   1.419000E+09   9.970608E+09   4.594000E-01
   2.576000E+07   1.290000E+09   9.846440E+09   4.599000E-01
   2.650000E+07   1.209000E+09   9.748961E+09   4.604000E-01
   2.725000E+07   1.108000E+09   9.630596E+09   4.608000E-01
   2.802000E+07   1.009000E+09   9.485538E+09   4.613000E-01
   2.882000E+07   9.365000E+08   9.379938E+09   4.618000E-01
   2.963000E+07   8.578000E+08   9.277818E+09   4.623000E-01
   3.048000E+07   7.878000E+08   9.144366E+09   4.628000E-01
   3.134000E+07   7.342000E+08   9.041085E+09   4.632000E-01
   3.223000E+07   6.834000E+08   8.938965E+09   4.637000E-01
   3.314000E+07   6.363000E+08   8.842649E+09   4.642000E-01
   3.408000E+07   5.881000E+08   8.738208E+09   4.646000E-01
   3.505000E+07   5.424000E+08   8.607076E+09   4.651000E-01
   3.604000E+07   5.068000E+08   8.511919E+09   4.656000E-01
   3.707000E+07   4.696000E+08   8.395874E+09   4.660000E-01
   3.812000E+07   4.326000E+08   8.287952E+09   4.665000E-01
   3.919000E+07   3.979000E+08   8.152179E+09   4.669000E-01
   4.028000E+07   3.716000E+08   8.048899E+09   4.673000E-01
   4.138000E+07   3.437000E+08   7.937496E+09   4.678000E-01
   4.249000E+07   3.158000E+08   7.816808E+09   4.682000E-01
   4.362000E+07   2.942000E+08   7.699602E+09   4.685000E-01
   4.476000E+07   2.738000E+08   7.589359E+09   4.689000E-01
   4.592000E+07   2.542000E+08   7.480276E+09   4.693000E-01
   4.709000E+07   2.373000E+08   7.374676E+09   4.696000E-01
   4.828000E+07   2.222000E+08   7.271396E+09   4.700000E-01
   4.948000E+07   2.078000E+08   7.166955E+09   4.703000E-01
   5.069000E+07   1.937000E+08   7.059032E+09   4.706000E-01
   5.192000E+07   1.796000E+08   6.967356E+09   4.709000E-01
   5.317000E+07   1.671000E+08   6.852472E+09   4.712000E-01
   5.443000E+07   1.557000E+08   6.745711E+09   4.715000E-01
   5.571000E+07   1.444000E+08   6.625023E+09   4.718000E-01
   5.700000E+07   1.360000E+08   6.471843E+09   4.721000E-01
   5.831000E+07   1.316000E+08   6.280369E+09   4.725000E-01
   5.963000E+07   1.286000E+08   6.020428E+09   4.730000E-01
   6.098000E+07   1.225000E+08   5.754684E+09   4.735000E-01
   6.233000E+07   1.142000E+08   5.664168E+09   4.739000E-01
   6.371000E+07   1.089000E+08   5.623553E+09   4.743000E-01
   6.510000E+07   1.028000E+08   5.529556E+09   4.746000E-01
   6.651000E+07   9.472000E+07   5.451806E+09   4.751000E-01
   6.794000E+07   8.742000E+07   5.411190E+09   4.766000E-01
   6.939000E+07   8.031000E+07   5.302108E+09   4.814000E-01
   7.085000E+07   7.417000E+07   5.022438E+09   4.892000E-01
   7.233000E+07   6.012000E+07   5.112954E+09   4.962000E-01
   7.383000E+07   4.889000E+07   5.948479E+09   4.979000E-01
   7.535000E+07   4.902000E+07   6.150398E+09   4.980000E-01
   7.689000E+07   4.842000E+07   5.798781E+09   4.980000E-01
   7.845000E+07   4.440000E+07   5.896259E+09   4.979000E-01
   8.003000E+07   4.213000E+07   5.702463E+09   4.979000E-01
   8.162000E+07   3.970000E+07   5.649083E+09   4.979000E-01
   8.324000E+07   3.798000E+07   5.588739E+09   4.979000E-01
   8.488000E+07   3.735000E+07   5.572493E+09   4.979000E-01
   8.654000E+07   3.579000E+07   5.509829E+09   4.979000E-01
   8.821000E+07   3.408000E+07   5.435559E+09   4.979000E-01
   8.991000E+07   3.258000E+07   5.374055E+09   4.979000E-01
   9.163000E+07   3.106000E+07   5.305589E+09   4.979000E-01
   9.338000E+07   2.975000E+07   5.241764E+09   4.979000E-01
   9.514000E+07   2.852000E+07   5.190704E+09   4.980000E-01
   9.692000E+07   2.719000E+07   5.131521E+09   4.980000E-01
   9.873000E+07   2.578000E+07   5.061894E+09   4.980000E-01
   1.006000E+08   2.471000E+07   5.002711E+09   4.980000E-01
   1.024000E+08   2.415000E+07   4.974860E+09   4.980000E-01
   1.043000E+08   2.328000E+07   4.936565E+09   4.980000E-01
   1.062000E+08   2.267000E+07   4.917998E+09   4.980000E-01
   1.081000E+08   2.322000E+07   4.943527E+09   4.980000E-01
   1.101000E+08   2.409000E+07   4.326167E+09   4.980000E-01
   1.120000E+08   2.244000E+07   4.394634E+09   4.980000E-01
   1.140000E+08   2.151000E+07   4.231010E+09   4.980000E-01
   1.161000E+08   2.100000E+07   4.198517E+09   4.980000E-01
   1.181000E+08   2.028000E+07   4.143976E+09   4.980000E-01
   1.202000E+08   1.937000E+07   4.075509E+09   4.980000E-01
   1.223000E+08   1.870000E+07   4.023289E+09   4.980000E-01
   1.244000E+08   1.806000E+07   3.974550E+09   4.980000E-01
   1.266000E+08   1.719000E+07   3.892157E+09   4.980000E-01
   1.287000E+08   1.643000E+07   3.814407E+09   4.980000E-01
   1.309000E+08   1.576000E+07   3.748262E+09   4.980000E-01
   1.332000E+08   1.495000E+07   3.676314E+09   4.980000E-01
   1.354000E+08   1.417000E+07   3.612489E+09   4.980000E-01
   1.377000E+08   1.349000E+07   3.550985E+09   4.980000E-01
   1.400000E+08   1.298000E+07   3.496443E+09   4.980000E-01
   1.424000E+08   1.246000E+07   3.425656E+09   4.980000E-01
   1.448000E+08   1.179000E+07   3.339782E+09   4.980000E-01
   1.472000E+08   1.128000E+07   3.262032E+09   4.980000E-01
   1.496000E+08   1.072000E+07   3.197047E+09   4.982000E-01
   1.521000E+08   9.418000E+06   3.367633E+09   4.995000E-01
   1.546000E+08   7.433000E+06   3.678634E+09   5.002000E-01
   1.571000E+08   5.856000E+06   3.730855E+09   5.000000E-01
   1.596000E+08   4.671000E+06   3.810926E+09   5.000000E-01
   1.622000E+08   4.420000E+06   3.776112E+09   5.000000E-01
   1.649000E+08   4.357000E+06   3.737818E+09   5.000000E-01
   1.675000E+08   4.214000E+06   3.699523E+09   5.000000E-01
   1.702000E+08   4.097000E+06   3.668190E+09   5.000000E-01
   1.729000E+08   3.988000E+06   3.639179E+09   5.000000E-01
   1.757000E+08   3.855000E+06   3.604366E+09   5.000000E-01
   1.785000E+08   3.729000E+06   3.571873E+09   5.000000E-01
   1.813000E+08   3.619000E+06   3.541701E+09   5.000000E-01
   1.842000E+08   3.496000E+06   3.501085E+09   5.000000E-01
   1.871000E+08   3.396000E+06   3.468593E+09   5.000000E-01
   1.900000E+08   3.309000E+06   3.438421E+09   5.000000E-01
   1.930000E+08   3.255000E+06   3.393163E+09   5.000000E-01
   1.960000E+08   3.192000E+06   3.365312E+09   5.000000E-01
   1.990000E+08   3.113000E+06   3.336301E+09   5.000000E-01
   2.021000E+08   3.004000E+06   3.294525E+09   5.000000E-01
   2.052000E+08   2.950000E+06   3.273636E+09   5.000000E-01
   2.084000E+08   2.910000E+06   3.257390E+09   5.000000E-01
   2.116000E+08   2.854000E+06   3.238823E+09   5.000000E-01
   2.148000E+08   2.796000E+06   3.217935E+09   5.000000E-01
   2.181000E+08   2.723000E+06   3.193565E+09   5.000000E-01
   2.215000E+08   2.592000E+06   3.141345E+09   5.000000E-01
   2.248000E+08   2.522000E+06   3.111173E+09   5.000000E-01
   2.282000E+08   2.405000E+06   3.061274E+09   5.000000E-01
   2.317000E+08   2.275000E+06   3.003251E+09   5.000000E-01
   2.352000E+08   2.190000E+06   2.964956E+09   5.000000E-01
   2.387000E+08   2.100000E+06   2.923180E+09   5.000000E-01
   2.423000E+08   2.026000E+06   2.889527E+09   5.000000E-01
   2.459000E+08   1.970000E+06   2.862836E+09   5.000000E-01
   2.496000E+08   1.907000E+06   2.833825E+09   5.000000E-01
   2.533000E+08   1.846000E+06   2.804814E+09   5.000000E-01
   2.571000E+08   1.795000E+06   2.779284E+09   5.000000E-01
   2.609000E+08   1.742000E+06   2.751433E+09   5.000000E-01
   2.647000E+08   1.690000E+06   2.722422E+09   5.000000E-01
   2.686000E+08   1.646000E+06   2.698052E+09   5.000000E-01
   2.726000E+08   1.599000E+06   2.672522E+09   5.000000E-01
   2.766000E+08   1.549000E+06   2.643511E+09   5.000000E-01
   2.806000E+08   1.504000E+06   2.616820E+09   5.000000E-01
   2.848000E+08   1.461000E+06   2.591290E+09   5.000000E-01
   2.889000E+08   1.418000E+06   2.564600E+09   5.000000E-01
   2.931000E+08   1.376000E+06   2.540230E+09   5.000000E-01
   2.974000E+08   1.334000E+06   2.517021E+09   5.000000E-01
   3.017000E+08   1.290000E+06   2.489171E+09   5.000000E-01
   3.060000E+08   1.248000E+06   2.462480E+09   5.000000E-01
   3.105000E+08   1.212000E+06   2.438111E+09   5.000000E-01
   3.150000E+08   1.176000E+06   2.413741E+09   5.000000E-01
   3.195000E+08   1.140000E+06   2.389372E+09   5.000000E-01
   3.241000E+08   1.107000E+06   2.365002E+09   5.000000E-01
   3.287000E+08   1.076000E+06   2.341793E+09   5.000000E-01
   3.334000E+08   1.045000E+06   2.318584E+09   5.000000E-01
   3.382000E+08   1.014000E+06   2.296536E+09   5.000000E-01
   3.430000E+08   9.846000E+05   2.273326E+09   5.000000E-01
   3.479000E+08   9.574000E+05   2.253599E+09   5.000000E-01
   3.528000E+08   9.301000E+05   2.233871E+09   5.000000E-01
   3.578000E+08   9.008000E+05   2.209502E+09   5.000000E-01
   3.629000E+08   8.735000E+05   2.186292E+09   5.000000E-01
   3.680000E+08   8.476000E+05   2.164244E+09   5.000000E-01
   3.732000E+08   8.203000E+05   2.141035E+09   5.000000E-01
   3.785000E+08   7.944000E+05   2.117826E+09   5.000000E-01
   3.838000E+08   7.710000E+05   2.096938E+09   5.000000E-01
   3.892000E+08   7.491000E+05   2.076050E+09   5.000000E-01
   3.947000E+08   7.283000E+05   2.056322E+09   5.000000E-01
   4.002000E+08   7.077000E+05   2.036594E+09   5.000000E-01
   4.058000E+08   6.876000E+05   2.016867E+09   5.000000E-01
   4.115000E+08   6.674000E+05   1.998299E+09   5.000000E-01
   4.172000E+08   6.471000E+05   1.977411E+09   5.000000E-01
   4.230000E+08   6.264000E+05   1.956523E+09   5.000000E-01
   4.289000E+08   6.074000E+05   1.935635E+09   5.000000E-01
   4.349000E+08   5.896000E+05   1.915907E+09   5.000000E-01
   4.409000E+08   5.719000E+05   1.897340E+09   5.000000E-01
   4.470000E+08   5.552000E+05   1.877612E+09   5.000000E-01
   4.532000E+08   5.389000E+05   1.859045E+09   5.000000E-01
   4.594000E+08   5.232000E+05   1.840478E+09   5.000000E-01
   4.658000E+08   5.078000E+05   1.821911E+09   5.000000E-01
   4.722000E+08   4.930000E+05   1.803343E+09   5.000000E-01
   4.787000E+08   4.785000E+05   1.784776E+09   5.000000E-01
   4.853000E+08   4.638000E+05   1.766209E+09   5.000000E-01
   4.919000E+08   4.493000E+05   1.747641E+09   5.000000E-01
   4.987000E+08   4.357000E+05   1.729074E+09   5.000000E-01
   5.055000E+08   4.230000E+05   1.711667E+09   5.000000E-01
   5.124000E+08   4.105000E+05   1.693100E+09   5.000000E-01
   5.194000E+08   3.985000E+05   1.676854E+09   5.000000E-01
   5.265000E+08   3.865000E+05   1.659447E+09   5.000000E-01
   5.337000E+08   3.750000E+05   1.642040E+09   5.000000E-01
   5.410000E+08   3.639000E+05   1.624633E+09   5.000000E-01
   5.483000E+08   3.530000E+05   1.607227E+09   5.000000E-01
   5.558000E+08   3.422000E+05   1.589820E+09   5.000000E-01
   5.633000E+08   3.319000E+05   1.573574E+09   5.000000E-01
   5.709000E+08   3.220000E+05   1.557327E+09   5.000000E-01
   5.787000E+08   3.118000E+05   1.539920E+09   5.000000E-01
   5.865000E+08   3.021000E+05   1.522514E+09   5.000000E-01
   5.944000E+08   2.930000E+05   1.506267E+09   5.000000E-01
   6.025000E+08   2.842000E+05   1.490021E+09   5.000000E-01
   6.106000E+08   2.756000E+05   1.463331E+09   5.000000E-01
   6.188000E+08   2.670000E+05   1.464491E+09   5.000000E-01
   6.271000E+08   2.592000E+05   1.451726E+09   5.000000E-01
   6.356000E+08   2.509000E+05   1.421554E+09   5.000000E-01
   6.441000E+08   2.428000E+05   1.375136E+09   5.000000E-01
   6.528000E+08   2.331000E+05   1.412271E+09   5.000000E-01
   6.615000E+08   2.272000E+05   1.372815E+09   5.000000E-01
   6.704000E+08   2.197000E+05   1.357729E+09   5.000000E-01
   6.794000E+08   2.126000E+05   1.343804E+09   5.000000E-01
   6.884000E+08   2.059000E+05   1.328718E+09   5.000000E-01
   6.976000E+08   1.996000E+05   1.315953E+09   5.000000E-01
   7.070000E+08   1.932000E+05   1.300867E+09   5.000000E-01
   7.164000E+08   1.870000E+05   1.286942E+09   5.000000E-01
   7.259000E+08   1.813000E+05   1.273016E+09   5.000000E-01
   7.356000E+08   1.760000E+05   1.260251E+09   5.000000E-01
   7.454000E+08   1.703000E+05   1.245166E+09   5.000000E-01
   7.553000E+08   1.646000E+05   1.231240E+09   5.000000E-01
   7.653000E+08   1.593000E+05   1.217315E+09   5.000000E-01
   7.755000E+08   1.543000E+05   1.204550E+09   5.000000E-01
   7.858000E+08   1.494000E+05   1.190624E+09   5.000000E-01
   7.962000E+08   1.448000E+05   1.177859E+09   5.000000E-01
   8.068000E+08   1.402000E+05   1.163934E+09   5.000000E-01
   8.174000E+08   1.360000E+05   1.151749E+09   5.000000E-01
   8.282000E+08   1.319000E+05   1.138984E+09   5.000000E-01
   8.392000E+08   1.280000E+05   1.126915E+09   5.000000E-01
   8.503000E+08   1.238000E+05   1.113802E+09   5.000000E-01
   8.615000E+08   1.198000E+05   1.100689E+09   5.000000E-01
   8.729000E+08   1.157000E+05   1.086880E+09   5.000000E-01
   8.844000E+08   1.119000E+05   1.073999E+09   5.000000E-01
   8.960000E+08   1.083000E+05   1.061350E+09   5.000000E-01
   9.078000E+08   1.052000E+05   1.049977E+09   5.000000E-01
   9.198000E+08   1.016000E+05   1.038489E+09   5.000000E-01
   9.318000E+08   9.922000E+04   1.028509E+09   5.000000E-01
   9.441000E+08   9.856000E+04   1.021546E+09   5.000000E-01
   9.565000E+08   9.811000E+04   1.016092E+09   5.000000E-01
   9.690000E+08   9.545000E+04   1.010638E+09   5.000000E-01
   9.817000E+08   8.962000E+04   1.014584E+09   5.000000E-01
   9.941000E+08   8.954000E+04   1.014352E+09   5.000000E-01
