# VX-G15 from Rampp & Janka (2002)
number of variables = 4
number of lines = 400
dens
temp
ye  
velx
   1.040000E+05   9.971000E+09   8.345975E+09   4.205000E-01  -2.201000E+05
   3.118000E+05   9.968000E+09   8.344814E+09   4.205000E-01  -5.399000E+05
   5.197000E+05   9.965000E+09   8.344814E+09   4.205000E-01  -9.484000E+05
   7.274000E+05   9.962000E+09   8.343653E+09   4.205000E-01  -1.368000E+06
   9.352999E+05   9.957000E+09   8.342493E+09   4.205000E-01  -1.827000E+06
   1.143000E+06   9.952000E+09   8.341332E+09   4.205000E-01  -2.228000E+06
   1.351000E+06   9.946000E+09   8.341332E+09   4.205000E-01  -2.597000E+06
   1.559000E+06   9.940000E+09   8.339012E+09   4.205000E-01  -2.923000E+06
   1.767000E+06   9.932000E+09   8.337851E+09   4.205000E-01  -3.241000E+06
   1.975000E+06   9.924000E+09   8.336691E+09   4.205000E-01  -3.580000E+06
   2.183000E+06   9.913000E+09   8.334370E+09   4.205000E-01  -3.971000E+06
   2.392000E+06   9.900000E+09   8.332049E+09   4.205000E-01  -4.422000E+06
   2.600000E+06   9.886000E+09   8.329729E+09   4.205000E-01  -4.923000E+06
   2.808000E+06   9.871000E+09   8.327407E+09   4.205000E-01  -5.449000E+06
   3.017000E+06   9.854000E+09   8.326246E+09   4.205000E-01  -5.975000E+06
   3.225000E+06   9.837000E+09   8.323926E+09   4.206000E-01  -6.485000E+06
   3.434000E+06   9.819000E+09   8.321605E+09   4.206000E-01  -6.974000E+06
   3.643000E+06   9.799999E+09   8.319284E+09   4.206000E-01  -7.440000E+06
   3.851000E+06   9.780000E+09   8.318123E+09   4.206000E-01  -7.885000E+06
   4.060000E+06   9.760000E+09   8.315803E+09   4.206000E-01  -8.311000E+06
   4.269000E+06   9.738000E+09   8.314642E+09   4.206000E-01  -8.723000E+06
   4.477000E+06   9.716000E+09   8.313482E+09   4.207000E-01  -9.121000E+06
   4.686000E+06   9.692000E+09   8.311161E+09   4.207000E-01  -9.509000E+06
   4.895000E+06   9.668000E+09   8.310000E+09   4.207000E-01  -9.886000E+06
   5.103000E+06   9.643000E+09   8.308840E+09   4.207000E-01  -1.026000E+07
   5.312000E+06   9.617000E+09   8.307680E+09   4.207000E-01  -1.062000E+07
   5.520000E+06   9.590000E+09   8.306519E+09   4.207000E-01  -1.099000E+07
   5.728000E+06   9.562000E+09   8.305358E+09   4.208000E-01  -1.136000E+07
   5.937000E+06   9.532000E+09   8.304198E+09   4.208000E-01  -1.174000E+07
   6.145000E+06   9.503000E+09   8.304198E+09   4.208000E-01  -1.212000E+07
   6.353000E+06   9.472000E+09   8.303037E+09   4.208000E-01  -1.249000E+07
   6.561000E+06   9.441000E+09   8.301877E+09   4.209000E-01  -1.285000E+07
   6.769000E+06   9.408000E+09   8.300717E+09   4.209000E-01  -1.319000E+07
   6.977000E+06   9.376000E+09   8.299556E+09   4.209000E-01  -1.353000E+07
   7.185000E+06   9.342000E+09   8.298396E+09   4.210000E-01  -1.388000E+07
   7.393000E+06   9.306000E+09   8.297235E+09   4.210000E-01  -1.424000E+07
   7.601000E+06   9.270000E+09   8.296075E+09   4.210000E-01  -1.463000E+07
   7.809000E+06   9.233000E+09   8.294915E+09   4.211000E-01  -1.505000E+07
   8.016000E+06   9.195000E+09   8.293754E+09   4.211000E-01  -1.548000E+07
   8.224000E+06   9.157000E+09   8.292594E+09   4.211000E-01  -1.591000E+07
   8.432000E+06   9.117000E+09   8.291433E+09   4.212000E-01  -1.634000E+07
   8.639000E+06   9.077000E+09   8.289112E+09   4.212000E-01  -1.675000E+07
   8.847000E+06   9.037000E+09   8.287952E+09   4.213000E-01  -1.715000E+07
   9.054000E+06   8.996000E+09   8.285631E+09   4.213000E-01  -1.753000E+07
   9.262000E+06   8.954000E+09   8.283310E+09   4.213000E-01  -1.789000E+07
   9.469000E+06   8.912000E+09   8.280989E+09   4.214000E-01  -1.826000E+07
   9.677000E+06   8.868000E+09   8.277508E+09   4.214000E-01  -1.863000E+07
   9.884000E+06   8.824001E+09   8.275187E+09   4.215000E-01  -1.900000E+07
   1.009000E+07   8.780000E+09   8.272866E+09   4.215000E-01  -1.939000E+07
   1.030000E+07   8.735000E+09   8.270545E+09   4.216000E-01  -1.976000E+07
   1.051000E+07   8.690000E+09   8.268224E+09   4.216000E-01  -2.013000E+07
   1.071000E+07   8.644000E+09   8.265903E+09   4.217000E-01  -2.049000E+07
   1.092000E+07   8.597000E+09   8.263583E+09   4.217000E-01  -2.083000E+07
   1.113000E+07   8.551000E+09   8.261261E+09   4.218000E-01  -2.116000E+07
   1.133000E+07   8.504000E+09   8.258941E+09   4.218000E-01  -2.147000E+07
   1.154000E+07   8.456000E+09   8.256620E+09   4.219000E-01  -2.177000E+07
   1.175000E+07   8.408000E+09   8.254299E+09   4.219000E-01  -2.207000E+07
   1.196000E+07   8.359000E+09   8.251978E+09   4.220000E-01  -2.236000E+07
   1.216000E+07   8.310000E+09   8.249657E+09   4.220000E-01  -2.266000E+07
   1.237000E+07   8.260000E+09   8.247335E+09   4.221000E-01  -2.296000E+07
   1.258000E+07   8.210000E+09   8.243854E+09   4.222000E-01  -2.328000E+07
   1.278000E+07   8.160000E+09   8.240373E+09   4.222000E-01  -2.360000E+07
   1.299000E+07   8.109000E+09   8.238052E+09   4.223000E-01  -2.392000E+07
   1.320000E+07   8.057000E+09   8.234571E+09   4.223000E-01  -2.424000E+07
   1.340000E+07   8.006000E+09   8.231090E+09   4.224000E-01  -2.458000E+07
   1.361000E+07   7.953000E+09   8.227608E+09   4.225000E-01  -2.494000E+07
   1.382000E+07   7.900000E+09   8.224127E+09   4.225000E-01  -2.530000E+07
   1.402000E+07   7.847000E+09   8.220646E+09   4.226000E-01  -2.568000E+07
   1.423000E+07   7.793000E+09   8.217164E+09   4.227000E-01  -2.609000E+07
   1.444000E+07   7.739000E+09   8.213683E+09   4.227000E-01  -2.652000E+07
   1.464000E+07   7.684000E+09   8.210201E+09   4.228000E-01  -2.696000E+07
   1.485000E+07   7.629000E+09   8.205559E+09   4.229000E-01  -2.742000E+07
   1.506000E+07   7.574000E+09   8.202078E+09   4.229000E-01  -2.787000E+07
   1.526000E+07   7.519000E+09   8.198597E+09   4.230000E-01  -2.832000E+07
   1.547000E+07   7.463000E+09   8.195116E+09   4.231000E-01  -2.877000E+07
   1.568000E+07   7.407000E+09   8.190474E+09   4.231000E-01  -2.921000E+07
   1.588000E+07   7.351000E+09   8.185832E+09   4.232000E-01  -2.967000E+07
   1.609000E+07   7.294000E+09   8.181190E+09   4.233000E-01  -3.014000E+07
   1.629000E+07   7.238000E+09   8.176548E+09   4.234000E-01  -3.061000E+07
   1.650000E+07   7.181000E+09   8.171907E+09   4.234000E-01  -3.108000E+07
   1.671000E+07   7.124000E+09   8.167265E+09   4.235000E-01  -3.153000E+07
   1.691000E+07   7.068000E+09   8.163783E+09   4.236000E-01  -3.197000E+07
   1.712000E+07   7.011000E+09   8.159142E+09   4.237000E-01  -3.238000E+07
   1.733000E+07   6.954000E+09   8.154500E+09   4.238000E-01  -3.275000E+07
   1.753000E+07   6.898000E+09   8.151018E+09   4.239000E-01  -3.310000E+07
   1.774000E+07   6.842000E+09   8.146377E+09   4.239000E-01  -3.341000E+07
   1.795000E+07   6.786000E+09   8.142895E+09   4.240000E-01  -3.370000E+07
   1.815000E+07   6.730000E+09   8.138254E+09   4.241000E-01  -3.397000E+07
   1.836000E+07   6.674000E+09   8.133612E+09   4.242000E-01  -3.423000E+07
   1.857000E+07   6.618000E+09   8.128970E+09   4.243000E-01  -3.449000E+07
   1.877000E+07   6.562000E+09   8.124328E+09   4.244000E-01  -3.474000E+07
   1.898000E+07   6.506000E+09   8.119686E+09   4.244000E-01  -3.498000E+07
   1.918000E+07   6.450000E+09   8.115044E+09   4.245000E-01  -3.522000E+07
   1.939000E+07   6.394000E+09   8.110403E+09   4.246000E-01  -3.546000E+07
   1.960000E+07   6.339000E+09   8.106921E+09   4.247000E-01  -3.568000E+07
   1.980000E+07   6.283000E+09   8.102279E+09   4.248000E-01  -3.591000E+07
   2.001000E+07   6.228000E+09   8.097637E+09   4.249000E-01  -3.614000E+07
   2.022000E+07   6.172000E+09   8.092996E+09   4.250000E-01  -3.636000E+07
   2.042000E+07   6.117000E+09   8.088354E+09   4.251000E-01  -3.660000E+07
   2.063000E+07   6.062000E+09   8.083713E+09   4.252000E-01  -3.684000E+07
   2.083000E+07   6.006000E+09   8.079071E+09   4.253000E-01  -3.709000E+07
   2.104000E+07   5.951000E+09   8.073268E+09   4.254000E-01  -3.736000E+07
   2.124000E+07   5.896000E+09   8.068626E+09   4.255000E-01  -3.763000E+07
   2.145000E+07   5.841000E+09   8.063984E+09   4.256000E-01  -3.790000E+07
   2.166000E+07   5.786000E+09   8.059343E+09   4.257000E-01  -3.818000E+07
   2.186000E+07   5.731000E+09   8.053540E+09   4.258000E-01  -3.846000E+07
   2.207000E+07   5.677000E+09   8.048899E+09   4.259000E-01  -3.874000E+07
   2.227000E+07   5.622000E+09   8.044257E+09   4.260000E-01  -3.902000E+07
   2.248000E+07   5.568000E+09   8.039615E+09   4.261000E-01  -3.929000E+07
   2.268000E+07   5.514000E+09   8.034973E+09   4.262000E-01  -3.957000E+07
   2.289000E+07   5.461000E+09   8.029171E+09   4.264000E-01  -3.984000E+07
   2.310000E+07   5.407000E+09   8.024529E+09   4.265000E-01  -4.012000E+07
   2.330000E+07   5.354000E+09   8.018726E+09   4.266000E-01  -4.041000E+07
   2.351000E+07   5.300000E+09   8.012925E+09   4.267000E-01  -4.070000E+07
   2.371000E+07   5.247000E+09   8.008283E+09   4.268000E-01  -4.098000E+07
   2.392000E+07   5.195000E+09   8.003641E+09   4.269000E-01  -4.126000E+07
   2.412000E+07   5.142000E+09   7.998999E+09   4.270000E-01  -4.152000E+07
   2.433000E+07   5.090000E+09   7.993197E+09   4.271000E-01  -4.177000E+07
   2.453000E+07   5.039000E+09   7.988555E+09   4.273000E-01  -4.201000E+07
   2.474000E+07   4.987000E+09   7.986234E+09   4.274000E-01  -4.225000E+07
   2.494000E+07   4.936000E+09   7.983913E+09   4.275000E-01  -4.248000E+07
   2.515000E+07   4.884000E+09   7.982753E+09   4.276000E-01  -4.272000E+07
   2.536000E+07   4.833000E+09   7.980431E+09   4.278000E-01  -4.296000E+07
   2.556000E+07   4.783000E+09   7.979272E+09   4.279000E-01  -4.319000E+07
   2.577000E+07   4.732000E+09   7.978111E+09   4.280000E-01  -4.343000E+07
   2.597000E+07   4.682000E+09   7.976950E+09   4.281000E-01  -4.366000E+07
   2.618000E+07   4.632000E+09   7.976950E+09   4.283000E-01  -4.390000E+07
   2.638000E+07   4.583000E+09   7.976950E+09   4.284000E-01  -4.414000E+07
   2.659000E+07   4.534000E+09   7.975791E+09   4.285000E-01  -4.439000E+07
   2.679000E+07   4.485000E+09   7.975791E+09   4.286000E-01  -4.463000E+07
   2.700000E+07   4.436000E+09   7.974630E+09   4.288000E-01  -4.486000E+07
   2.720000E+07   4.388000E+09   7.972308E+09   4.289000E-01  -4.509000E+07
   2.741000E+07   4.341000E+09   7.966506E+09   4.290000E-01  -4.532000E+07
   2.761000E+07   4.294000E+09   7.961865E+09   4.292000E-01  -4.556000E+07
   2.782000E+07   4.247000E+09   7.957223E+09   4.293000E-01  -4.580000E+07
   2.802000E+07   4.200000E+09   7.952581E+09   4.294000E-01  -4.604000E+07
   2.823000E+07   4.154000E+09   7.947939E+09   4.296000E-01  -4.628000E+07
   2.843000E+07   4.108000E+09   7.943297E+09   4.297000E-01  -4.651000E+07
   2.864000E+07   4.063000E+09   7.938655E+09   4.298000E-01  -4.673000E+07
   2.884000E+07   4.018000E+09   7.932853E+09   4.300000E-01  -4.693000E+07
   2.905000E+07   3.973000E+09   7.927051E+09   4.301000E-01  -4.713000E+07
   2.925000E+07   3.929000E+09   7.922409E+09   4.303000E-01  -4.732000E+07
   2.946000E+07   3.885000E+09   7.917767E+09   4.304000E-01  -4.752000E+07
   2.966000E+07   3.841000E+09   7.911965E+09   4.305000E-01  -4.773000E+07
   2.987000E+07   3.798000E+09   7.907323E+09   4.307000E-01  -4.794000E+07
   3.007000E+07   3.755000E+09   7.902682E+09   4.308000E-01  -4.814000E+07
   3.028000E+07   3.713000E+09   7.899200E+09   4.310000E-01  -4.834000E+07
   3.048000E+07   3.671000E+09   7.893398E+09   4.311000E-01  -4.854000E+07
   3.069000E+07   3.629000E+09   7.888756E+09   4.313000E-01  -4.874000E+07
   3.089000E+07   3.587000E+09   7.882954E+09   4.314000E-01  -4.893000E+07
   3.109000E+07   3.546000E+09   7.877151E+09   4.316000E-01  -4.913000E+07
   3.130000E+07   3.506000E+09   7.872509E+09   4.317000E-01  -4.933000E+07
   3.150000E+07   3.465000E+09   7.867868E+09   4.319000E-01  -4.953000E+07
   3.171000E+07   3.425000E+09   7.864387E+09   4.320000E-01  -4.973000E+07
   3.191000E+07   3.386000E+09   7.859745E+09   4.322000E-01  -4.992000E+07
   3.212000E+07   3.346000E+09   7.853943E+09   4.323000E-01  -5.011000E+07
   3.232000E+07   3.308000E+09   7.849301E+09   4.325000E-01  -5.030000E+07
   3.252000E+07   3.269000E+09   7.843498E+09   4.326000E-01  -5.049000E+07
   3.273000E+07   3.231000E+09   7.838856E+09   4.328000E-01  -5.067000E+07
   3.293000E+07   3.193000E+09   7.833055E+09   4.329000E-01  -5.086000E+07
   3.314000E+07   3.156000E+09   7.827252E+09   4.331000E-01  -5.105000E+07
   3.334000E+07   3.119000E+09   7.821450E+09   4.333000E-01  -5.124000E+07
   3.354000E+07   3.082000E+09   7.815648E+09   4.334000E-01  -5.143000E+07
   3.375000E+07   3.046000E+09   7.809845E+09   4.336000E-01  -5.161000E+07
   3.395000E+07   3.010000E+09   7.804043E+09   4.337000E-01  -5.179000E+07
   3.416000E+07   2.974000E+09   7.798241E+09   4.339000E-01  -5.197000E+07
   3.436000E+07   2.939000E+09   7.791278E+09   4.340000E-01  -5.214000E+07
   3.456000E+07   2.904000E+09   7.784315E+09   4.342000E-01  -5.230000E+07
   3.477000E+07   2.869000E+09   7.778513E+09   4.344000E-01  -5.248000E+07
   3.497000E+07   2.835000E+09   7.772711E+09   4.345000E-01  -5.266000E+07
   3.517000E+07   2.801000E+09   7.766909E+09   4.347000E-01  -5.284000E+07
   3.538000E+07   2.768000E+09   7.761106E+09   4.349000E-01  -5.302000E+07
   3.558000E+07   2.735000E+09   7.755304E+09   4.350000E-01  -5.320000E+07
   3.579000E+07   2.702000E+09   7.748341E+09   4.352000E-01  -5.337000E+07
   3.599000E+07   2.669000E+09   7.741379E+09   4.353000E-01  -5.354000E+07
   3.619000E+07   2.637000E+09   7.734416E+09   4.355000E-01  -5.370000E+07
   3.639000E+07   2.605000E+09   7.727453E+09   4.357000E-01  -5.386000E+07
   3.660000E+07   2.574000E+09   7.721651E+09   4.358000E-01  -5.402000E+07
   3.680000E+07   2.543000E+09   7.717009E+09   4.360000E-01  -5.418000E+07
   3.701000E+07   2.512000E+09   7.711207E+09   4.362000E-01  -5.435000E+07
   3.721000E+07   2.482000E+09   7.705404E+09   4.363000E-01  -5.452000E+07
   3.741000E+07   2.451000E+09   7.698442E+09   4.365000E-01  -5.470000E+07
   3.761000E+07   2.422000E+09   7.690319E+09   4.367000E-01  -5.487000E+07
   3.782000E+07   2.392000E+09   7.683356E+09   4.368000E-01  -5.503000E+07
   3.802000E+07   2.363000E+09   7.676393E+09   4.370000E-01  -5.519000E+07
   3.822000E+07   2.334000E+09   7.670591E+09   4.372000E-01  -5.534000E+07
   3.843000E+07   2.306000E+09   7.664788E+09   4.374000E-01  -5.548000E+07
   3.863000E+07   2.278000E+09   7.658987E+09   4.375000E-01  -5.564000E+07
   3.883000E+07   2.250000E+09   7.653185E+09   4.377000E-01  -5.580000E+07
   3.903000E+07   2.222000E+09   7.646222E+09   4.379000E-01  -5.597000E+07
   3.924000E+07   2.195000E+09   7.638099E+09   4.380000E-01  -5.616000E+07
   3.944000E+07   2.168000E+09   7.631136E+09   4.382000E-01  -5.634000E+07
   3.964000E+07   2.141000E+09   7.624173E+09   4.384000E-01  -5.653000E+07
   3.984000E+07   2.115000E+09   7.618371E+09   4.385000E-01  -5.671000E+07
   4.005000E+07   2.089000E+09   7.611408E+09   4.387000E-01  -5.688000E+07
   4.025000E+07   2.063000E+09   7.605605E+09   4.389000E-01  -5.706000E+07
   4.045000E+07   2.038000E+09   7.599803E+09   4.391000E-01  -5.724000E+07
   4.066000E+07   2.013000E+09   7.592840E+09   4.393000E-01  -5.743000E+07
   4.086000E+07   1.988000E+09   7.584717E+09   4.395000E-01  -5.761000E+07
   4.106000E+07   1.963000E+09   7.582397E+09   4.396000E-01  -5.780000E+07
   4.126000E+07   1.938000E+09   7.580076E+09   4.398000E-01  -5.800000E+07
   4.148000E+07   1.913000E+09   7.578915E+09   4.400000E-01  -5.820000E+07
   4.169000E+07   1.888000E+09   7.576594E+09   4.402000E-01  -5.840000E+07
   4.191000E+07   1.862000E+09   7.575434E+09   4.404000E-01  -5.861000E+07
   4.214000E+07   1.836000E+09   7.574274E+09   4.407000E-01  -5.881000E+07
   4.238000E+07   1.809000E+09   7.570792E+09   4.409000E-01  -5.903000E+07
   4.261000E+07   1.782000E+09   7.567311E+09   4.411000E-01  -5.925000E+07
   4.286000E+07   1.755000E+09   7.558027E+09   4.414000E-01  -5.945000E+07
   4.311000E+07   1.728000E+09   7.549904E+09   4.416000E-01  -5.966000E+07
   4.337000E+07   1.701000E+09   7.541781E+09   4.419000E-01  -5.986000E+07
   4.364000E+07   1.673000E+09   7.532497E+09   4.421000E-01  -6.007000E+07
   4.391000E+07   1.645000E+09   7.523213E+09   4.424000E-01  -6.028000E+07
   4.418000E+07   1.617000E+09   7.512770E+09   4.427000E-01  -6.050000E+07
   4.447000E+07   1.589000E+09   7.501165E+09   4.430000E-01  -6.072000E+07
   4.476000E+07   1.560000E+09   7.490721E+09   4.433000E-01  -6.094000E+07
   4.506000E+07   1.532000E+09   7.480276E+09   4.436000E-01  -6.116000E+07
   4.536000E+07   1.503000E+09   7.469833E+09   4.439000E-01  -6.140000E+07
   4.567000E+07   1.474000E+09   7.457068E+09   4.442000E-01  -6.164000E+07
   4.599000E+07   1.445000E+09   7.443142E+09   4.446000E-01  -6.189000E+07
   4.632000E+07   1.416000E+09   7.430377E+09   4.449000E-01  -6.213000E+07
   4.665000E+07   1.387000E+09   7.417612E+09   4.453000E-01  -6.238000E+07
   4.699000E+07   1.358000E+09   7.403687E+09   4.456000E-01  -6.262000E+07
   4.734000E+07   1.329000E+09   7.385120E+09   4.460000E-01  -6.287000E+07
   4.770000E+07   1.300000E+09   7.365392E+09   4.464000E-01  -6.312000E+07
   4.806000E+07   1.271000E+09   7.345665E+09   4.468000E-01  -6.339000E+07
   4.843000E+07   1.242000E+09   7.327097E+09   4.472000E-01  -6.367000E+07
   4.881000E+07   1.213000E+09   7.306209E+09   4.476000E-01  -6.397000E+07
   4.920000E+07   1.185000E+09   7.283000E+09   4.480000E-01  -6.428000E+07
   4.960000E+07   1.156000E+09   7.260951E+09   4.484000E-01  -6.462000E+07
   5.001000E+07   1.128000E+09   7.240063E+09   4.488000E-01  -6.498000E+07
   5.042000E+07   1.099000E+09   7.215694E+09   4.492000E-01  -6.538000E+07
   5.084000E+07   1.071000E+09   7.191324E+09   4.496000E-01  -6.574000E+07
   5.128000E+07   1.043000E+09   7.165794E+09   4.501000E-01  -6.604000E+07
   5.172000E+07   1.015000E+09   7.141425E+09   4.505000E-01  -6.612000E+07
   5.217000E+07   9.869000E+08   7.115895E+09   4.509000E-01  -6.612000E+07
   5.263000E+07   9.589000E+08   7.091526E+09   4.513000E-01  -6.605000E+07
   5.311000E+07   9.307000E+08   7.069477E+09   4.518000E-01  -6.566000E+07
   5.359000E+07   9.021000E+08   7.054391E+09   4.522000E-01  -6.504000E+07
   5.408000E+07   8.740000E+08   7.036984E+09   4.526000E-01  -6.445000E+07
   5.459000E+07   8.466000E+08   7.020738E+09   4.531000E-01  -6.446000E+07
   5.510000E+07   8.202000E+08   7.001010E+09   4.535000E-01  -6.474000E+07
   5.563000E+07   7.947000E+08   6.968517E+09   4.539000E-01  -6.519000E+07
   5.617000E+07   7.697000E+08   6.936025E+09   4.543000E-01  -6.604000E+07
   5.672000E+07   7.450000E+08   6.904693E+09   4.547000E-01  -6.659000E+07
   5.728000E+07   7.203000E+08   6.869879E+09   4.552000E-01  -6.685000E+07
   5.786000E+07   6.959000E+08   6.835065E+09   4.556000E-01  -6.712000E+07
   5.844000E+07   6.722000E+08   6.803733E+09   4.560000E-01  -6.758000E+07
   5.904000E+07   6.491000E+08   6.766599E+09   4.564000E-01  -6.816000E+07
   5.965000E+07   6.262000E+08   6.734106E+09   4.567000E-01  -6.891000E+07
   6.027000E+07   6.036000E+08   6.703934E+09   4.571000E-01  -6.939000E+07
   6.091000E+07   5.812000E+08   6.672602E+09   4.575000E-01  -6.964000E+07
   6.156000E+07   5.594000E+08   6.643591E+09   4.578000E-01  -7.020000E+07
   6.222000E+07   5.384000E+08   6.612259E+09   4.582000E-01  -7.100000E+07
   6.290000E+07   5.174000E+08   6.576284E+09   4.585000E-01  -7.171000E+07
   6.359000E+07   4.971000E+08   6.536829E+09   4.589000E-01  -7.198000E+07
   6.430000E+07   4.772000E+08   6.496214E+09   4.593000E-01  -7.263000E+07
   6.501000E+07   4.405000E+08   7.104290E+09   4.577000E-01  -7.332000E+07
   6.574000E+07   4.145000E+08   7.393243E+09   4.560000E-01  -7.405000E+07
   6.648000E+07   3.977000E+08   7.341023E+09   4.566000E-01  -7.427000E+07
   6.724000E+07   3.813000E+08   7.300407E+09   4.571000E-01  -7.482000E+07
   6.801000E+07   3.651000E+08   7.259791E+09   4.576000E-01  -7.564000E+07
   6.880000E+07   3.496000E+08   7.219175E+09   4.581000E-01  -7.660000E+07
   6.961000E+07   3.346000E+08   7.179720E+09   4.585000E-01  -7.699000E+07
   7.043000E+07   3.198000E+08   7.136783E+09   4.590000E-01  -7.790000E+07
   7.127000E+07   3.054000E+08   7.095007E+09   4.594000E-01  -7.865000E+07
   7.213000E+07   2.917000E+08   7.057872E+09   4.599000E-01  -7.961000E+07
   7.301000E+07   2.785000E+08   7.020738E+09   4.603000E-01  -8.018000E+07
   7.391000E+07   2.653000E+08   6.976641E+09   4.608000E-01  -8.046000E+07
   7.483000E+07   2.525000E+08   6.929062E+09   4.612000E-01  -8.222000E+07
   7.577000E+07   2.400000E+08   6.878002E+09   4.617000E-01  -8.534000E+07
   7.673000E+07   2.277000E+08   6.825781E+09   4.621000E-01  -8.735000E+07
   7.772000E+07   2.164000E+08   6.774722E+09   4.626000E-01  -8.935000E+07
   7.872000E+07   2.056000E+08   6.723662E+09   4.631000E-01  -9.002000E+07
   7.975000E+07   1.955000E+08   6.673762E+09   4.636000E-01  -9.087000E+07
   8.080000E+07   1.856000E+08   6.626184E+09   4.641000E-01  -9.114000E+07
   8.188000E+07   1.761000E+08   6.569321E+09   4.646000E-01  -9.171000E+07
   8.298000E+07   1.670000E+08   6.512460E+09   4.652000E-01  -9.197000E+07
   8.410000E+07   1.583000E+08   6.454437E+09   4.657000E-01  -9.245000E+07
   8.525000E+07   1.501000E+08   6.395254E+09   4.663000E-01  -9.291000E+07
   8.642000E+07   1.422000E+08   6.330268E+09   4.670000E-01  -9.338000E+07
   8.762000E+07   1.345000E+08   6.272246E+09   4.676000E-01  -9.376000E+07
   8.885000E+07   1.272000E+08   6.203779E+09   4.682000E-01  -9.418000E+07
   9.010000E+07   1.202000E+08   6.136473E+09   4.688000E-01  -9.438000E+07
   9.138000E+07   1.136000E+08   6.068006E+09   4.695000E-01  -9.469000E+07
   9.270000E+07   1.074000E+08   5.998379E+09   4.701000E-01  -9.495000E+07
   9.404000E+07   1.013000E+08   5.932233E+09   4.707000E-01  -9.552000E+07
   9.540000E+07   9.563000E+07   5.860285E+09   4.713000E-01  -9.587000E+07
   9.681000E+07   9.017000E+07   5.788337E+09   4.718000E-01  -9.644000E+07
   9.824000E+07   8.513000E+07   5.715229E+09   4.723000E-01  -9.649000E+07
   9.970000E+07   8.020000E+07   5.642120E+09   4.728000E-01  -9.680000E+07
   1.012000E+08   7.555000E+07   5.572493E+09   4.732000E-01  -9.714000E+07
   1.027000E+08   7.098000E+07   5.495903E+09   4.736000E-01  -9.614000E+07
   1.043000E+08   6.627000E+07   5.410030E+09   4.740000E-01  -9.386000E+07
   1.059000E+08   6.256000E+07   5.339242E+09   4.743000E-01  -8.491000E+07
   1.075000E+08   6.356000E+07   4.872740E+09   4.747000E-01  -1.177000E+08
   1.091000E+08   5.545000E+07   5.260331E+09   4.750000E-01  -1.301000E+08
   1.108000E+08   5.282000E+07   5.181421E+09   4.752000E-01  -1.144000E+08
   1.125000E+08   5.045000E+07   5.089745E+09   4.754000E-01  -1.112000E+08
   1.143000E+08   4.392000E+07   5.213913E+09   4.848000E-01  -1.119000E+08
   1.162000E+08   3.696000E+07   5.400746E+09   4.979000E-01  -1.124000E+08
   1.181000E+08   3.475000E+07   5.329958E+09   4.979000E-01  -1.102000E+08
   1.200000E+08   3.261000E+07   5.240603E+09   4.979000E-01  -1.085000E+08
   1.221000E+08   3.044000E+07   5.167495E+09   4.979000E-01  -9.736000E+07
   1.242000E+08   2.808000E+07   5.079301E+09   4.979000E-01  -8.746000E+07
   1.263000E+08   2.672000E+07   5.036364E+09   4.979000E-01  -7.219000E+07
   1.286000E+08   2.489000E+07   4.952812E+09   4.980000E-01  -6.950000E+07
   1.308000E+08   2.403000E+07   4.920318E+09   4.980000E-01  -8.689000E+07
   1.331000E+08   2.354000E+07   4.909875E+09   4.980000E-01  -7.691000E+07
   1.352000E+08   2.378000E+07   4.463100E+09   4.980000E-01  -3.616000E+07
   1.375000E+08   2.213000E+07   4.320365E+09   4.980000E-01  -5.936000E+07
   1.398000E+08   2.070000E+07   4.204319E+09   4.980000E-01  -7.800000E+07
   1.421000E+08   1.903000E+07   4.066226E+09   4.980000E-01  -8.243000E+07
   1.446000E+08   1.774000E+07   3.964106E+09   4.980000E-01  -9.184000E+07
   1.471000E+08   1.658000E+07   3.855023E+09   4.980000E-01  -9.312000E+07
   1.497000E+08   1.554000E+07   3.757545E+09   4.980000E-01  -9.326000E+07
   1.524000E+08   1.458000E+07   3.663548E+09   4.980000E-01  -9.261000E+07
   1.552000E+08   1.369000E+07   3.573033E+09   4.980000E-01  -9.178000E+07
   1.580000E+08   1.281000E+07   3.475555E+09   4.980000E-01  -9.039000E+07
   1.608000E+08   1.193000E+07   3.379238E+09   4.980000E-01  -8.995000E+07
   1.638000E+08   1.112000E+07   3.288722E+09   4.980000E-01  -8.940000E+07
   1.668000E+08   1.037000E+07   3.200528E+09   4.980000E-01  -8.892000E+07
   1.699000E+08   9.649000E+06   3.114655E+09   4.980000E-01  -8.884000E+07
   1.730000E+08   8.042000E+06   3.228379E+09   5.000000E-01  -8.880000E+07
   1.763000E+08   5.546000E+06   3.585798E+09   5.000000E-01  -8.720000E+07
   1.796000E+08   4.132000E+06   3.696041E+09   5.000000E-01  -8.492000E+07
   1.831000E+08   4.011000E+06   3.646142E+09   5.000000E-01  -8.406000E+07
   1.866000E+08   3.844000E+06   3.597403E+09   5.000000E-01  -8.103000E+07
   1.902000E+08   3.700000E+06   3.556787E+09   5.000000E-01  -7.931000E+07
   1.938000E+08   3.560000E+06   3.499925E+09   5.000000E-01  -7.870000E+07
   1.976000E+08   3.408000E+06   3.448865E+09   5.000000E-01  -7.834000E+07
   2.014000E+08   3.254000E+06   3.395484E+09   5.000000E-01  -7.733000E+07
   2.054000E+08   3.121000E+06   3.347906E+09   5.000000E-01  -7.691000E+07
   2.094000E+08   2.987000E+06   3.298006E+09   5.000000E-01  -7.424000E+07
   2.136000E+08   2.869000E+06   3.252748E+09   5.000000E-01  -7.328000E+07
   2.178000E+08   2.759000E+06   3.209812E+09   5.000000E-01  -7.230000E+07
   2.222000E+08   2.646000E+06   3.165714E+09   5.000000E-01  -7.226000E+07
   2.267000E+08   2.531000E+06   3.119296E+09   5.000000E-01  -7.218000E+07
   2.313000E+08   2.413000E+06   3.069397E+09   5.000000E-01  -7.097000E+07
   2.360000E+08   2.312000E+06   3.025299E+09   5.000000E-01  -6.951000E+07
   2.408000E+08   2.213000E+06   2.981203E+09   5.000000E-01  -6.713000E+07
   2.458000E+08   2.118000E+06   2.937105E+09   5.000000E-01  -6.510000E+07
   2.509000E+08   2.028000E+06   2.894169E+09   5.000000E-01  -6.350000E+07
   2.561000E+08   1.944000E+06   2.853553E+09   5.000000E-01  -6.284000E+07
   2.614000E+08   1.860000E+06   2.811777E+09   5.000000E-01  -6.282000E+07
   2.669000E+08   1.774000E+06   2.767679E+09   5.000000E-01  -6.267000E+07
   2.726000E+08   1.692000E+06   2.724742E+09   5.000000E-01  -6.106000E+07
   2.784000E+08   1.617000E+06   2.684127E+09   5.000000E-01  -5.923000E+07
   2.843000E+08   1.544000E+06   2.642350E+09   5.000000E-01  -5.732000E+07
   2.904000E+08   1.474000E+06   2.601734E+09   5.000000E-01  -5.545000E+07
   2.967000E+08   1.409000E+06   2.563440E+09   5.000000E-01  -5.397000E+07
   3.031000E+08   1.347000E+06   2.523984E+09   5.000000E-01  -5.374000E+07
   3.097000E+08   1.284000E+06   2.485689E+09   5.000000E-01  -5.377000E+07
   3.164000E+08   1.222000E+06   2.445073E+09   5.000000E-01  -5.269000E+07
   3.234000E+08   1.165000E+06   2.406778E+09   5.000000E-01  -5.089000E+07
   3.306000E+08   1.111000E+06   2.368484E+09   5.000000E-01  -4.922000E+07
   3.379000E+08   1.058000E+06   2.331349E+09   5.000000E-01  -4.753000E+07
   3.454000E+08   1.009000E+06   2.294215E+09   5.000000E-01  -4.595000E+07
   3.532000E+08   9.617000E+05   2.257080E+09   5.000000E-01  -4.529000E+07
   3.611000E+08   9.155000E+05   2.221106E+09   5.000000E-01  -4.514000E+07
   3.693000E+08   8.704000E+05   2.183972E+09   5.000000E-01  -4.433000E+07
   3.777000E+08   8.280000E+05   2.147998E+09   5.000000E-01  -4.266000E+07
   3.863000E+08   7.876000E+05   2.112024E+09   5.000000E-01  -4.119000E+07
   3.952000E+08   7.489000E+05   2.077210E+09   5.000000E-01  -3.970000E+07
   4.043000E+08   7.122000E+05   2.042396E+09   5.000000E-01  -3.824000E+07
   4.137000E+08   6.772000E+05   2.007583E+09   5.000000E-01  -3.763000E+07
   4.233000E+08   6.432000E+05   1.973930E+09   5.000000E-01  -3.734000E+07
   4.332000E+08   6.104000E+05   1.939116E+09   5.000000E-01  -3.631000E+07
   4.434000E+08   5.794000E+05   1.905463E+09   5.000000E-01  -3.488000E+07
   4.539000E+08   5.499000E+05   1.871810E+09   5.000000E-01  -3.359000E+07
   4.646000E+08   5.217000E+05   1.838157E+09   5.000000E-01  -3.228000E+07
   4.757000E+08   4.950000E+05   1.805664E+09   5.000000E-01  -3.114000E+07
   4.871000E+08   4.693000E+05   1.773171E+09   5.000000E-01  -3.072000E+07
   4.988000E+08   4.446000E+05   1.740679E+09   5.000000E-01  -3.022000E+07
   5.108000E+08   4.210000E+05   1.708186E+09   5.000000E-01  -2.894000E+07
   5.232000E+08   3.987000E+05   1.676854E+09   5.000000E-01  -2.779000E+07
   5.360000E+08   3.774000E+05   1.645522E+09   5.000000E-01  -2.669000E+07
   5.491000E+08   3.571000E+05   1.614189E+09   5.000000E-01  -2.558000E+07
   5.626000E+08   3.378000E+05   1.582857E+09   5.000000E-01  -2.511000E+07
   5.765000E+08   3.193000E+05   1.552685E+09   5.000000E-01  -2.462000E+07
   5.908000E+08   3.016000E+05   1.521353E+09   5.000000E-01  -2.353000E+07
   6.056000E+08   2.849000E+05   1.491181E+09   5.000000E-01  -2.255000E+07
   6.207000E+08   2.689000E+05   1.462170E+09   5.000000E-01  -2.167000E+07
   6.363000E+08   2.534000E+05   1.430838E+09   5.000000E-01  -2.057000E+07
   6.524000E+08   2.366000E+05   1.391383E+09   5.000000E-01  -2.008000E+07
   6.689000E+08   2.229000E+05   1.364692E+09   5.000000E-01  -1.980000E+07
   6.860000E+08   2.096000E+05   1.336841E+09   5.000000E-01  -1.880000E+07
   7.035000E+08   1.972000E+05   1.310151E+09   5.000000E-01  -1.800000E+07
   7.216000E+08   1.854000E+05   1.282300E+09   5.000000E-01  -1.725000E+07
   7.402000E+08   1.743000E+05   1.255610E+09   5.000000E-01  -1.677000E+07
   7.594000E+08   1.638000E+05   1.228919E+09   5.000000E-01  -1.630000E+07
   7.792000E+08   1.538000E+05   1.203389E+09   5.000000E-01  -1.555000E+07
   7.995000E+08   1.445000E+05   1.176699E+09   5.000000E-01  -1.488000E+07
   8.205000E+08   1.356000E+05   1.150589E+09   5.000000E-01  -1.421000E+07
   8.422000E+08   1.273000E+05   1.124827E+09   5.000000E-01  -1.377000E+07
   8.644000E+08   1.194000E+05   1.099297E+09   5.000000E-01  -1.338000E+07
   8.874000E+08   1.119000E+05   1.073883E+09   5.000000E-01  -1.278000E+07
   9.111000E+08   1.048000E+05   1.048817E+09   5.000000E-01  -1.222000E+07
   9.355000E+08   9.812000E+04   1.023751E+09   5.000000E-01  -1.159000E+07
   9.607000E+08   9.172000E+04   9.984533E+08   5.000000E-01  -1.035000E+07
   9.868000E+08   8.609000E+04   9.764048E+08   5.000000E-01  -1.412000E+07
