# VX-G15 from Rampp & Janka (2002)
number of variables = 3
number of lines = 400
dens
temp
ye  
   4.791000E+04   1.019000E+11   1.248647E+10   4.037000E-01
   1.437000E+05   1.019000E+11   1.248647E+10   4.037000E-01
   2.395000E+05   1.019000E+11   1.248647E+10   4.037000E-01
   3.353000E+05   1.018000E+11   1.248647E+10   4.037000E-01
   4.311000E+05   1.018000E+11   1.248647E+10   4.037000E-01
   5.271000E+05   1.017000E+11   1.248647E+10   4.037000E-01
   6.229000E+05   1.016000E+11   1.248647E+10   4.038000E-01
   7.188000E+05   1.016000E+11   1.248647E+10   4.038000E-01
   8.147001E+05   1.015000E+11   1.248647E+10   4.038000E-01
   9.106000E+05   1.014000E+11   1.248647E+10   4.038000E-01
   1.007000E+06   1.012000E+11   1.248647E+10   4.038000E-01
   1.103000E+06   1.011000E+11   1.248647E+10   4.039000E-01
   1.199000E+06   1.010000E+11   1.247486E+10   4.039000E-01
   1.295000E+06   1.008000E+11   1.247486E+10   4.039000E-01
   1.391000E+06   1.007000E+11   1.247486E+10   4.039000E-01
   1.487000E+06   1.005000E+11   1.247486E+10   4.039000E-01
   1.583000E+06   1.003000E+11   1.247486E+10   4.039000E-01
   1.679000E+06   1.001000E+11   1.247486E+10   4.040000E-01
   1.776000E+06   9.992000E+10   1.247486E+10   4.040000E-01
   1.872000E+06   9.971000E+10   1.247486E+10   4.040000E-01
   1.968000E+06   9.948000E+10   1.247486E+10   4.040000E-01
   2.064000E+06   9.925000E+10   1.247486E+10   4.041000E-01
   2.160000E+06   9.900000E+10   1.247486E+10   4.041000E-01
   2.257000E+06   9.874000E+10   1.247486E+10   4.041000E-01
   2.353000E+06   9.848000E+10   1.246326E+10   4.041000E-01
   2.449000E+06   9.820000E+10   1.246326E+10   4.041000E-01
   2.545000E+06   9.791000E+10   1.246326E+10   4.042000E-01
   2.641000E+06   9.762000E+10   1.246326E+10   4.042000E-01
   2.737000E+06   9.731000E+10   1.246326E+10   4.042000E-01
   2.833000E+06   9.699000E+10   1.246326E+10   4.042000E-01
   2.929000E+06   9.667000E+10   1.246326E+10   4.042000E-01
   3.025000E+06   9.633000E+10   1.246326E+10   4.042000E-01
   3.121000E+06   9.599000E+10   1.246326E+10   4.043000E-01
   3.217000E+06   9.563000E+10   1.246326E+10   4.043000E-01
   3.313000E+06   9.527000E+10   1.246326E+10   4.043000E-01
   3.409000E+06   9.489000E+10   1.245165E+10   4.043000E-01
   3.505000E+06   9.451000E+10   1.245165E+10   4.044000E-01
   3.601000E+06   9.412000E+10   1.245165E+10   4.044000E-01
   3.697000E+06   9.372000E+10   1.245165E+10   4.044000E-01
   3.793000E+06   9.331000E+10   1.245165E+10   4.044000E-01
   3.889000E+06   9.289000E+10   1.245165E+10   4.045000E-01
   3.985000E+06   9.246000E+10   1.245165E+10   4.045000E-01
   4.081000E+06   9.203000E+10   1.245165E+10   4.045000E-01
   4.177000E+06   9.159000E+10   1.244005E+10   4.046000E-01
   4.272000E+06   9.114000E+10   1.244005E+10   4.046000E-01
   4.368000E+06   9.068000E+10   1.244005E+10   4.046000E-01
   4.464000E+06   9.021000E+10   1.244005E+10   4.047000E-01
   4.560000E+06   8.974000E+10   1.242845E+10   4.047000E-01
   4.656000E+06   8.926000E+10   1.242845E+10   4.047000E-01
   4.752000E+06   8.878000E+10   1.242845E+10   4.047000E-01
   4.848000E+06   8.828000E+10   1.242845E+10   4.048000E-01
   4.944000E+06   8.778000E+10   1.242845E+10   4.048000E-01
   5.040000E+06   8.728000E+10   1.241684E+10   4.049000E-01
   5.135000E+06   8.677000E+10   1.241684E+10   4.049000E-01
   5.231000E+06   8.625000E+10   1.241684E+10   4.049000E-01
   5.327000E+06   8.573000E+10   1.240524E+10   4.050000E-01
   5.423000E+06   8.520000E+10   1.240524E+10   4.050000E-01
   5.519000E+06   8.467000E+10   1.240524E+10   4.051000E-01
   5.615000E+06   8.413000E+10   1.240524E+10   4.051000E-01
   5.711000E+06   8.359000E+10   1.240524E+10   4.051000E-01
   5.807000E+06   8.304000E+10   1.239363E+10   4.052000E-01
   5.903000E+06   8.248000E+10   1.239363E+10   4.052000E-01
   5.999000E+06   8.193000E+10   1.239363E+10   4.053000E-01
   6.095000E+06   8.137000E+10   1.238203E+10   4.053000E-01
   6.191000E+06   8.080000E+10   1.238203E+10   4.053000E-01
   6.287000E+06   8.023000E+10   1.238203E+10   4.054000E-01
   6.383000E+06   7.966000E+10   1.237042E+10   4.054000E-01
   6.479000E+06   7.909000E+10   1.237042E+10   4.055000E-01
   6.575000E+06   7.851000E+10   1.237042E+10   4.055000E-01
   6.671000E+06   7.792000E+10   1.235882E+10   4.056000E-01
   6.767000E+06   7.734000E+10   1.235882E+10   4.056000E-01
   6.864000E+06   7.675000E+10   1.235882E+10   4.057000E-01
   6.960000E+06   7.616000E+10   1.234721E+10   4.057000E-01
   7.056000E+06   7.557000E+10   1.234721E+10   4.058000E-01
   7.152000E+06   7.497000E+10   1.234721E+10   4.058000E-01
   7.248000E+06   7.437000E+10   1.233561E+10   4.059000E-01
   7.345000E+06   7.377000E+10   1.233561E+10   4.059000E-01
   7.441000E+06   7.317000E+10   1.233561E+10   4.060000E-01
   7.537000E+06   7.257000E+10   1.232401E+10   4.061000E-01
   7.634000E+06   7.196000E+10   1.232401E+10   4.061000E-01
   7.730000E+06   7.136000E+10   1.231240E+10   4.062000E-01
   7.827000E+06   7.075000E+10   1.231240E+10   4.062000E-01
   7.923000E+06   7.014000E+10   1.231240E+10   4.063000E-01
   8.019000E+06   6.954000E+10   1.230080E+10   4.063000E-01
   8.116000E+06   6.893000E+10   1.230080E+10   4.064000E-01
   8.212000E+06   6.832000E+10   1.230080E+10   4.065000E-01
   8.309000E+06   6.771000E+10   1.228919E+10   4.065000E-01
   8.406000E+06   6.710000E+10   1.228919E+10   4.066000E-01
   8.502000E+06   6.649000E+10   1.227759E+10   4.067000E-01
   8.599000E+06   6.588000E+10   1.227759E+10   4.067000E-01
   8.696000E+06   6.527000E+10   1.226598E+10   4.068000E-01
   8.792000E+06   6.466000E+10   1.226598E+10   4.069000E-01
   8.889000E+06   6.405000E+10   1.225438E+10   4.069000E-01
   8.986000E+06   6.344000E+10   1.225438E+10   4.070000E-01
   9.083000E+06   6.283000E+10   1.224277E+10   4.071000E-01
   9.180000E+06   6.222000E+10   1.223117E+10   4.071000E-01
   9.277000E+06   6.161000E+10   1.223117E+10   4.072000E-01
   9.374000E+06   6.101000E+10   1.223117E+10   4.073000E-01
   9.471000E+06   6.040000E+10   1.221957E+10   4.073000E-01
   9.568000E+06   5.980000E+10   1.220796E+10   4.074000E-01
   9.665000E+06   5.919000E+10   1.220796E+10   4.075000E-01
   9.762000E+06   5.859000E+10   1.219636E+10   4.076000E-01
   9.859000E+06   5.799000E+10   1.218475E+10   4.076000E-01
   9.956000E+06   5.739000E+10   1.218475E+10   4.077000E-01
   1.005000E+07   5.680000E+10   1.217315E+10   4.078000E-01
   1.015000E+07   5.620000E+10   1.217315E+10   4.079000E-01
   1.025000E+07   5.561000E+10   1.216154E+10   4.079000E-01
   1.035000E+07   5.502000E+10   1.216154E+10   4.080000E-01
   1.044000E+07   5.443000E+10   1.214994E+10   4.081000E-01
   1.054000E+07   5.385000E+10   1.213833E+10   4.082000E-01
   1.064000E+07   5.326000E+10   1.213833E+10   4.082000E-01
   1.074000E+07   5.268000E+10   1.212673E+10   4.083000E-01
   1.083000E+07   5.211000E+10   1.211512E+10   4.084000E-01
   1.093000E+07   5.153000E+10   1.211512E+10   4.085000E-01
   1.103000E+07   5.096000E+10   1.210352E+10   4.086000E-01
   1.113000E+07   5.039000E+10   1.210352E+10   4.087000E-01
   1.122000E+07   4.982000E+10   1.209192E+10   4.087000E-01
   1.132000E+07   4.926000E+10   1.208031E+10   4.088000E-01
   1.142000E+07   4.870000E+10   1.208031E+10   4.089000E-01
   1.152000E+07   4.815000E+10   1.206871E+10   4.090000E-01
   1.162000E+07   4.760000E+10   1.206871E+10   4.090000E-01
   1.172000E+07   4.705000E+10   1.205710E+10   4.091000E-01
   1.181000E+07   4.650000E+10   1.205710E+10   4.092000E-01
   1.191000E+07   4.596000E+10   1.204550E+10   4.092000E-01
   1.201000E+07   4.542000E+10   1.204550E+10   4.093000E-01
   1.211000E+07   4.489000E+10   1.203389E+10   4.094000E-01
   1.221000E+07   4.436000E+10   1.203389E+10   4.094000E-01
   1.231000E+07   4.383000E+10   1.202229E+10   4.095000E-01
   1.240000E+07   4.331000E+10   1.202229E+10   4.095000E-01
   1.250000E+07   4.279000E+10   1.202229E+10   4.096000E-01
   1.260000E+07   4.228000E+10   1.201068E+10   4.097000E-01
   1.270000E+07   4.176000E+10   1.201068E+10   4.097000E-01
   1.280000E+07   4.126000E+10   1.199908E+10   4.098000E-01
   1.290000E+07   4.075000E+10   1.199908E+10   4.099000E-01
   1.300000E+07   4.025000E+10   1.198747E+10   4.099000E-01
   1.310000E+07   3.975000E+10   1.198747E+10   4.100000E-01
   1.320000E+07   3.926000E+10   1.197587E+10   4.101000E-01
   1.330000E+07   3.877000E+10   1.197587E+10   4.101000E-01
   1.340000E+07   3.829000E+10   1.196427E+10   4.102000E-01
   1.349000E+07   3.781000E+10   1.196427E+10   4.103000E-01
   1.359000E+07   3.733000E+10   1.195266E+10   4.103000E-01
   1.369000E+07   3.686000E+10   1.195266E+10   4.104000E-01
   1.379000E+07   3.640000E+10   1.194106E+10   4.105000E-01
   1.389000E+07   3.593000E+10   1.194106E+10   4.105000E-01
   1.399000E+07   3.547000E+10   1.192945E+10   4.106000E-01
   1.409000E+07   3.502000E+10   1.192945E+10   4.107000E-01
   1.419000E+07   3.456000E+10   1.191785E+10   4.108000E-01
   1.429000E+07   3.412000E+10   1.191785E+10   4.108000E-01
   1.439000E+07   3.368000E+10   1.190624E+10   4.109000E-01
   1.449000E+07   3.324000E+10   1.190624E+10   4.110000E-01
   1.459000E+07   3.280000E+10   1.189464E+10   4.111000E-01
   1.469000E+07   3.238000E+10   1.188303E+10   4.111000E-01
   1.479000E+07   3.195000E+10   1.188303E+10   4.112000E-01
   1.490000E+07   3.153000E+10   1.187143E+10   4.113000E-01
   1.500000E+07   3.111000E+10   1.187143E+10   4.113000E-01
   1.510000E+07   3.070000E+10   1.185982E+10   4.114000E-01
   1.520000E+07   3.029000E+10   1.185982E+10   4.115000E-01
   1.530000E+07   2.989000E+10   1.184822E+10   4.116000E-01
   1.540000E+07   2.949000E+10   1.183662E+10   4.116000E-01
   1.550000E+07   2.909000E+10   1.183662E+10   4.117000E-01
   1.560000E+07   2.870000E+10   1.182501E+10   4.118000E-01
   1.570000E+07   2.831000E+10   1.182501E+10   4.118000E-01
   1.581000E+07   2.793000E+10   1.181341E+10   4.119000E-01
   1.591000E+07   2.755000E+10   1.181341E+10   4.120000E-01
   1.601000E+07   2.718000E+10   1.180180E+10   4.121000E-01
   1.611000E+07   2.680000E+10   1.179020E+10   4.122000E-01
   1.621000E+07   2.644000E+10   1.179020E+10   4.122000E-01
   1.631000E+07   2.608000E+10   1.177859E+10   4.123000E-01
   1.642000E+07   2.572000E+10   1.176699E+10   4.124000E-01
   1.652000E+07   2.536000E+10   1.176699E+10   4.125000E-01
   1.662000E+07   2.501000E+10   1.175538E+10   4.125000E-01
   1.672000E+07   2.466000E+10   1.174378E+10   4.126000E-01
   1.682000E+07   2.432000E+10   1.174378E+10   4.127000E-01
   1.693000E+07   2.398000E+10   1.173217E+10   4.128000E-01
   1.703000E+07   2.365000E+10   1.172057E+10   4.129000E-01
   1.713000E+07   2.332000E+10   1.172057E+10   4.129000E-01
   1.723000E+07   2.299000E+10   1.170896E+10   4.130000E-01
   1.734000E+07   2.266000E+10   1.169736E+10   4.131000E-01
   1.744000E+07   2.235000E+10   1.169736E+10   4.132000E-01
   1.754000E+07   2.203000E+10   1.168576E+10   4.133000E-01
   1.765000E+07   2.172000E+10   1.167415E+10   4.133000E-01
   1.775000E+07   2.141000E+10   1.167415E+10   4.134000E-01
   1.785000E+07   2.110000E+10   1.166255E+10   4.135000E-01
   1.796000E+07   2.080000E+10   1.165094E+10   4.136000E-01
   1.806000E+07   2.050000E+10   1.165094E+10   4.137000E-01
   1.816000E+07   2.021000E+10   1.163934E+10   4.138000E-01
   1.827000E+07   1.992000E+10   1.162773E+10   4.139000E-01
   1.837000E+07   1.963000E+10   1.162773E+10   4.140000E-01
   1.848000E+07   1.934000E+10   1.161613E+10   4.141000E-01
   1.858000E+07   1.906000E+10   1.160453E+10   4.142000E-01
   1.868000E+07   1.878000E+10   1.159756E+10   4.144000E-01
   1.879000E+07   1.851000E+10   1.158828E+10   4.145000E-01
   1.889000E+07   1.824000E+10   1.157783E+10   4.146000E-01
   1.900000E+07   1.797000E+10   1.156623E+10   4.148000E-01
   1.910000E+07   1.770000E+10   1.155579E+10   4.149000E-01
   1.921000E+07   1.744000E+10   1.154534E+10   4.150000E-01
   1.931000E+07   1.718000E+10   1.153490E+10   4.152000E-01
   1.942000E+07   1.692000E+10   1.152445E+10   4.153000E-01
   1.952000E+07   1.667000E+10   1.151517E+10   4.155000E-01
   1.963000E+07   1.642000E+10   1.150705E+10   4.157000E-01
   1.974000E+07   1.617000E+10   1.149892E+10   4.158000E-01
   1.985000E+07   1.592000E+10   1.149196E+10   4.160000E-01
   1.996000E+07   1.566000E+10   1.148384E+10   4.162000E-01
   2.008000E+07   1.540000E+10   1.147688E+10   4.163000E-01
   2.020000E+07   1.513000E+10   1.146991E+10   4.165000E-01
   2.032000E+07   1.487000E+10   1.145947E+10   4.167000E-01
   2.045000E+07   1.460000E+10   1.144438E+10   4.169000E-01
   2.058000E+07   1.433000E+10   1.143046E+10   4.172000E-01
   2.071000E+07   1.405000E+10   1.141769E+10   4.174000E-01
   2.085000E+07   1.378000E+10   1.140493E+10   4.176000E-01
   2.099000E+07   1.350000E+10   1.139100E+10   4.179000E-01
   2.114000E+07   1.322000E+10   1.137476E+10   4.181000E-01
   2.129000E+07   1.293000E+10   1.135851E+10   4.184000E-01
   2.144000E+07   1.265000E+10   1.134342E+10   4.187000E-01
   2.160000E+07   1.236000E+10   1.132834E+10   4.190000E-01
   2.176000E+07   1.208000E+10   1.131093E+10   4.193000E-01
   2.192000E+07   1.179000E+10   1.129352E+10   4.197000E-01
   2.210000E+07   1.150000E+10   1.127496E+10   4.200000E-01
   2.227000E+07   1.121000E+10   1.125755E+10   4.204000E-01
   2.245000E+07   1.092000E+10   1.123782E+10   4.208000E-01
   2.263000E+07   1.063000E+10   1.121809E+10   4.212000E-01
   2.282000E+07   1.034000E+10   1.119837E+10   4.216000E-01
   2.302000E+07   1.005000E+10   1.117980E+10   4.220000E-01
   2.322000E+07   9.762000E+09   1.115659E+10   4.225000E-01
   2.342000E+07   9.475000E+09   1.113454E+10   4.230000E-01
   2.363000E+07   9.189000E+09   1.111365E+10   4.235000E-01
   2.385000E+07   8.905000E+09   1.109044E+10   4.240000E-01
   2.407000E+07   8.622000E+09   1.106608E+10   4.245000E-01
   2.430000E+07   8.342000E+09   1.104287E+10   4.251000E-01
   2.454000E+07   8.065000E+09   1.101850E+10   4.257000E-01
   2.478000E+07   7.792000E+09   1.099297E+10   4.263000E-01
   2.503000E+07   7.524000E+09   1.096628E+10   4.269000E-01
   2.528000E+07   7.260000E+09   1.092914E+10   4.275000E-01
   2.554000E+07   7.002000E+09   1.089201E+10   4.282000E-01
   2.581000E+07   6.748000E+09   1.085951E+10   4.288000E-01
   2.609000E+07   6.497000E+09   1.080729E+10   4.295000E-01
   2.638000E+07   6.248000E+09   1.075739E+10   4.302000E-01
   2.667000E+07   5.997000E+09   1.071330E+10   4.309000E-01
   2.697000E+07   5.747000E+09   1.066572E+10   4.317000E-01
   2.728000E+07   5.498000E+09   1.061930E+10   4.324000E-01
   2.760000E+07   5.251000E+09   1.056940E+10   4.332000E-01
   2.793000E+07   5.008000E+09   1.052182E+10   4.339000E-01
   2.827000E+07   4.770000E+09   1.047076E+10   4.347000E-01
   2.862000E+07   4.537000E+09   1.042202E+10   4.355000E-01
   2.899000E+07   4.311000E+09   1.036864E+10   4.364000E-01
   2.936000E+07   4.092000E+09   1.029902E+10   4.372000E-01
   2.975000E+07   3.881000E+09   1.022939E+10   4.380000E-01
   3.016000E+07   3.677000E+09   1.016092E+10   4.389000E-01
   3.057000E+07   3.481000E+09   1.009362E+10   4.398000E-01
   3.100000E+07   3.291000E+09   1.003211E+10   4.406000E-01
   3.144000E+07   3.109000E+09   9.961325E+09   4.415000E-01
   3.190000E+07   2.934000E+09   9.887055E+09   4.424000E-01
   3.238000E+07   2.766000E+09   9.816268E+09   4.432000E-01
   3.286000E+07   2.604000E+09   9.722272E+09   4.441000E-01
   3.337000E+07   2.449000E+09   9.614348E+09   4.451000E-01
   3.389000E+07   2.297000E+09   9.511069E+09   4.466000E-01
   3.443000E+07   2.112000E+09   9.902141E+09   4.462000E-01
   3.497000E+07   1.966000E+09   1.001587E+10   4.459000E-01
   3.553000E+07   1.845000E+09   9.927671E+09   4.474000E-01
   3.610000E+07   1.729000E+09   9.859205E+09   4.483000E-01
   3.670000E+07   1.620000E+09   9.788417E+09   4.491000E-01
   3.731000E+07   1.516000E+09   9.702543E+09   4.500000E-01
   3.795000E+07   1.416000E+09   9.615510E+09   4.508000E-01
   3.861000E+07   1.321000E+09   9.530797E+09   4.516000E-01
   3.929000E+07   1.230000E+09   9.448404E+09   4.524000E-01
   4.000000E+07   1.144000E+09   9.370654E+09   4.532000E-01
   4.073000E+07   1.062000E+09   9.290583E+09   4.540000E-01
   4.149000E+07   9.852000E+08   9.190784E+09   4.547000E-01
   4.228000E+07   9.118000E+08   9.087503E+09   4.555000E-01
   4.310000E+07   8.429000E+08   8.985384E+09   4.562000E-01
   4.396000E+07   7.777000E+08   8.886745E+09   4.570000E-01
   4.484000E+07   7.165000E+08   8.790428E+09   4.577000E-01
   4.576000E+07   6.598000E+08   8.677863E+09   4.584000E-01
   4.672000E+07   6.070000E+08   8.564139E+09   4.591000E-01
   4.772000E+07   5.574000E+08   8.455057E+09   4.598000E-01
   4.875000E+07   5.117000E+08   8.347134E+09   4.605000E-01
   4.983000E+07   4.691000E+08   8.232250E+09   4.612000E-01
   5.095000E+07   4.291000E+08   8.108082E+09   4.620000E-01
   5.211000E+07   3.929000E+08   7.990876E+09   4.627000E-01
   5.332000E+07   3.588000E+08   7.871350E+09   4.634000E-01
   5.458000E+07   3.266000E+08   7.743699E+09   4.642000E-01
   5.589000E+07   2.964000E+08   7.606766E+09   4.650000E-01
   5.726000E+07   2.691000E+08   7.477956E+09   4.657000E-01
   5.869000E+07   2.449000E+08   7.342183E+09   4.664000E-01
   6.017000E+07   2.252000E+08   7.220336E+09   4.672000E-01
   6.170000E+07   2.058000E+08   7.092685E+09   4.679000E-01
   6.327000E+07   1.878000E+08   6.966197E+09   4.686000E-01
   6.491000E+07   1.692000E+08   6.811856E+09   4.692000E-01
   6.662000E+07   1.537000E+08   6.674923E+09   4.699000E-01
   6.840000E+07   1.386000E+08   6.521743E+09   4.705000E-01
   7.024000E+07   1.271000E+08   6.399896E+09   4.710000E-01
   7.213000E+07   1.155000E+08   6.269925E+09   4.716000E-01
   7.407000E+07   1.068000E+08   6.157361E+09   4.721000E-01
   7.604000E+07   9.748000E+07   6.012305E+09   4.727000E-01
   7.799000E+07   9.685000E+07   5.493582E+09   4.735000E-01
   7.997000E+07   8.628000E+07   5.288182E+09   4.742000E-01
   8.204000E+07   7.857000E+07   5.153569E+09   4.748000E-01
   8.424000E+07   7.089000E+07   5.003871E+09   4.753000E-01
   8.664000E+07   5.460000E+07   5.651404E+09   4.852000E-01
   8.922000E+07   4.400000E+07   5.739598E+09   4.978000E-01
   9.189000E+07   4.120000E+07   5.663008E+09   4.979000E-01
   9.462000E+07   3.768000E+07   5.510989E+09   4.979000E-01
   9.742000E+07   3.491000E+07   5.412350E+09   4.979000E-01
   1.003000E+08   3.187000E+07   5.291663E+09   4.979000E-01
   1.032000E+08   3.029000E+07   5.241764E+09   4.979000E-01
   1.061000E+08   2.821000E+07   5.159372E+09   4.979000E-01
   1.090000E+08   2.661000E+07   5.097868E+09   4.980000E-01
   1.120000E+08   2.461000E+07   4.995748E+09   4.980000E-01
   1.150000E+08   2.306000E+07   4.907554E+09   4.980000E-01
   1.179000E+08   2.426000E+07   4.490951E+09   4.980000E-01
   1.208000E+08   2.275000E+07   4.349376E+09   4.980000E-01
   1.236000E+08   2.138000E+07   4.228689E+09   4.980000E-01
   1.265000E+08   1.983000E+07   4.111483E+09   4.980000E-01
   1.294000E+08   1.885000E+07   4.034893E+09   4.980000E-01
   1.324000E+08   1.741000E+07   3.917688E+09   4.980000E-01
   1.354000E+08   1.654000E+07   3.826012E+09   4.980000E-01
   1.385000E+08   1.539000E+07   3.715769E+09   4.980000E-01
   1.416000E+08   1.436000E+07   3.626414E+09   4.980000E-01
   1.448000E+08   1.329000E+07   3.531257E+09   4.980000E-01
   1.480000E+08   1.239000E+07   3.417533E+09   4.980000E-01
   1.514000E+08   1.140000E+07   3.304969E+09   4.980000E-01
   1.548000E+08   1.051000E+07   3.210972E+09   4.980000E-01
   1.583000E+08   8.757000E+06   3.318894E+09   5.000000E-01
   1.618000E+08   6.039000E+06   3.682116E+09   5.000000E-01
   1.654000E+08   4.517000E+06   3.800482E+09   5.000000E-01
   1.691000E+08   4.360000E+06   3.742459E+09   5.000000E-01
   1.729000E+08   4.159000E+06   3.685597E+09   5.000000E-01
   1.767000E+08   4.027000E+06   3.649623E+09   5.000000E-01
   1.806000E+08   3.818000E+06   3.593922E+09   5.000000E-01
   1.846000E+08   3.686000E+06   3.561429E+09   5.000000E-01
   1.887000E+08   3.492000E+06   3.499925E+09   5.000000E-01
   1.929000E+08   3.392000E+06   3.468593E+09   5.000000E-01
   1.970000E+08   3.333000E+06   3.416372E+09   5.000000E-01
   2.012000E+08   3.289000E+06   3.396644E+09   5.000000E-01
   2.054000E+08   3.110000E+06   3.330499E+09   5.000000E-01
   2.098000E+08   3.015000E+06   3.293364E+09   5.000000E-01
   2.143000E+08   2.762000E+06   3.206330E+09   5.000000E-01
   2.190000E+08   2.595000E+06   3.145987E+09   5.000000E-01
   2.239000E+08   2.427000E+06   3.072878E+09   5.000000E-01
   2.290000E+08   2.320000E+06   3.025299E+09   5.000000E-01
   2.343000E+08   2.205000E+06   2.974240E+09   5.000000E-01
   2.396000E+08   2.113000E+06   2.930142E+09   5.000000E-01
   2.451000E+08   2.015000E+06   2.883725E+09   5.000000E-01
   2.507000E+08   1.931000E+06   2.844269E+09   5.000000E-01
   2.565000E+08   1.841000E+06   2.802493E+09   5.000000E-01
   2.624000E+08   1.756000E+06   2.758396E+09   5.000000E-01
   2.684000E+08   1.667000E+06   2.709657E+09   5.000000E-01
   2.746000E+08   1.589000E+06   2.666720E+09   5.000000E-01
   2.809000E+08   1.514000E+06   2.623783E+09   5.000000E-01
   2.874000E+08   1.448000E+06   2.584328E+09   5.000000E-01
   2.941000E+08   1.379000E+06   2.542551E+09   5.000000E-01
   3.009000E+08   1.315000E+06   2.505417E+09   5.000000E-01
   3.079000E+08   1.250000E+06   2.463641E+09   5.000000E-01
   3.151000E+08   1.188000E+06   2.421864E+09   5.000000E-01
   3.225000E+08   1.130000E+06   2.382409E+09   5.000000E-01
   3.301000E+08   1.073000E+06   2.340633E+09   5.000000E-01
   3.379000E+08   1.024000E+06   2.304659E+09   5.000000E-01
   3.458000E+08   9.765000E+05   2.267524E+09   5.000000E-01
   3.540000E+08   9.313000E+05   2.233871E+09   5.000000E-01
   3.623000E+08   8.820000E+05   2.194416E+09   5.000000E-01
   3.710000E+08   8.373000E+05   2.156121E+09   5.000000E-01
   3.798000E+08   7.957000E+05   2.118986E+09   5.000000E-01
   3.889000E+08   7.563000E+05   2.083012E+09   5.000000E-01
   3.982000E+08   7.201000E+05   2.049359E+09   5.000000E-01
   4.077000E+08   6.841000E+05   2.014546E+09   5.000000E-01
   4.176000E+08   6.484000E+05   1.979732E+09   5.000000E-01
   4.276000E+08   6.140000E+05   1.942598E+09   5.000000E-01
   4.380000E+08   5.835000E+05   1.910105E+09   5.000000E-01
   4.487000E+08   5.539000E+05   1.876452E+09   5.000000E-01
   4.596000E+08   5.251000E+05   1.842799E+09   5.000000E-01
   4.708000E+08   4.978000E+05   1.809145E+09   5.000000E-01
   4.824000E+08   4.722000E+05   1.777813E+09   5.000000E-01
   4.943000E+08   4.466000E+05   1.744160E+09   5.000000E-01
   5.065000E+08   4.227000E+05   1.710507E+09   5.000000E-01
   5.190000E+08   4.002000E+05   1.679175E+09   5.000000E-01
   5.319000E+08   3.785000E+05   1.646682E+09   5.000000E-01
   5.452000E+08   3.587000E+05   1.616510E+09   5.000000E-01
   5.588000E+08   3.393000E+05   1.586339E+09   5.000000E-01
   5.729000E+08   3.206000E+05   1.555006E+09   5.000000E-01
   5.873000E+08   3.019000E+05   1.522514E+09   5.000000E-01
   6.022000E+08   2.850000E+05   1.492342E+09   5.000000E-01
   6.175000E+08   2.687000E+05   1.461010E+09   5.000000E-01
   6.333000E+08   2.540000E+05   1.431998E+09   5.000000E-01
   6.494000E+08   2.378000E+05   1.394864E+09   5.000000E-01
   6.661000E+08   2.236000E+05   1.365853E+09   5.000000E-01
   6.832000E+08   2.099000E+05   1.338002E+09   5.000000E-01
   7.009000E+08   1.976000E+05   1.310151E+09   5.000000E-01
   7.190000E+08   1.856000E+05   1.283460E+09   5.000000E-01
   7.378000E+08   1.750000E+05   1.257930E+09   5.000000E-01
   7.570000E+08   1.640000E+05   1.230080E+09   5.000000E-01
   7.769000E+08   1.538000E+05   1.202229E+09   5.000000E-01
   7.974000E+08   1.444000E+05   1.176699E+09   5.000000E-01
   8.184000E+08   1.358000E+05   1.150937E+09   5.000000E-01
   8.401000E+08   1.277000E+05   1.126219E+09   5.000000E-01
   8.625000E+08   1.196000E+05   1.099993E+09   5.000000E-01
   8.856000E+08   1.117000E+05   1.073070E+09   5.000000E-01
   9.094000E+08   1.047000E+05   1.048469E+09   5.000000E-01
   9.338000E+08   9.848000E+04   1.025144E+09   5.000000E-01
   9.594000E+08   9.609000E+04   1.009942E+09   5.000000E-01
   9.863000E+08   8.905000E+04   1.006577E+09   5.000000E-01
