# VX-G15 from Rampp & Janka (2002)
number of variables = 3
number of lines = 400
dens
temp
ye  
   4.053000E+03   3.958000E+14   1.713988E+11   2.752000E-01
   1.215000E+04   3.963000E+14   1.678014E+11   2.752000E-01
   2.026000E+04   3.948000E+14   1.675693E+11   2.756000E-01
   2.833000E+04   3.982000E+14   1.632757E+11   2.768000E-01
   3.644000E+04   4.046000E+14   1.619992E+11   2.775000E-01
   4.460000E+04   4.091000E+14   1.617671E+11   2.776000E-01
   5.266000E+04   4.135000E+14   1.628115E+11   2.777000E-01
   6.076000E+04   4.166000E+14   1.633917E+11   2.779000E-01
   6.889000E+04   4.181000E+14   1.633917E+11   2.781000E-01
   7.701000E+04   4.165000E+14   1.629275E+11   2.782000E-01
   8.515000E+04   4.154000E+14   1.624634E+11   2.783000E-01
   9.330000E+04   4.096000E+14   1.609548E+11   2.783000E-01
   1.014000E+05   4.059000E+14   1.600264E+11   2.785000E-01
   1.096000E+05   4.033000E+14   1.592141E+11   2.786000E-01
   1.177000E+05   4.017000E+14   1.586339E+11   2.787000E-01
   1.259000E+05   4.010000E+14   1.584018E+11   2.791000E-01
   1.341000E+05   4.012000E+14   1.581697E+11   2.793000E-01
   1.423000E+05   4.022000E+14   1.585178E+11   2.795000E-01
   1.504000E+05   4.037000E+14   1.588659E+11   2.797000E-01
   1.586000E+05   4.050000E+14   1.592141E+11   2.799000E-01
   1.668000E+05   4.055000E+14   1.592141E+11   2.800000E-01
   1.750000E+05   4.047000E+14   1.588659E+11   2.799000E-01
   1.831000E+05   4.029000E+14   1.582857E+11   2.800000E-01
   1.913000E+05   3.996000E+14   1.571253E+11   2.799000E-01
   1.995000E+05   3.971000E+14   1.566611E+11   2.793000E-01
   2.076000E+05   3.944000E+14   1.557327E+11   2.790000E-01
   2.158000E+05   3.928000E+14   1.553846E+11   2.789000E-01
   2.240000E+05   3.911000E+14   1.548044E+11   2.789000E-01
   2.321000E+05   3.907000E+14   1.546883E+11   2.788000E-01
   2.403000E+05   3.905000E+14   1.544562E+11   2.788000E-01
   2.485000E+05   3.906000E+14   1.544562E+11   2.788000E-01
   2.567000E+05   3.910000E+14   1.544562E+11   2.788000E-01
   2.648000E+05   3.914000E+14   1.545723E+11   2.788000E-01
   2.730000E+05   3.908000E+14   1.542241E+11   2.788000E-01
   2.812000E+05   3.893000E+14   1.539921E+11   2.788000E-01
   2.894000E+05   3.867000E+14   1.531797E+11   2.787000E-01
   2.975000E+05   3.842000E+14   1.524835E+11   2.785000E-01
   3.057000E+05   3.819000E+14   1.516711E+11   2.784000E-01
   3.139000E+05   3.802000E+14   1.509749E+11   2.783000E-01
   3.221000E+05   3.787000E+14   1.499305E+11   2.782000E-01
   3.303000E+05   3.776000E+14   1.487700E+11   2.781000E-01
   3.385000E+05   3.765000E+14   1.478416E+11   2.779000E-01
   3.467000E+05   3.747000E+14   1.474935E+11   2.778000E-01
   3.549000E+05   3.726000E+14   1.478416E+11   2.778000E-01
   3.631000E+05   3.702000E+14   1.481898E+11   2.778000E-01
   3.714000E+05   3.677000E+14   1.480737E+11   2.777000E-01
   3.797000E+05   3.655000E+14   1.473775E+11   2.775000E-01
   3.879000E+05   3.634000E+14   1.469133E+11   2.774000E-01
   3.962000E+05   3.612000E+14   1.464491E+11   2.773000E-01
   4.045000E+05   3.597000E+14   1.462170E+11   2.772000E-01
   4.128000E+05   3.580000E+14   1.457528E+11   2.772000E-01
   4.212000E+05   3.562000E+14   1.454047E+11   2.771000E-01
   4.296000E+05   3.541000E+14   1.449405E+11   2.770000E-01
   4.380000E+05   3.518000E+14   1.444763E+11   2.769000E-01
   4.465000E+05   3.495000E+14   1.438961E+11   2.769000E-01
   4.551000E+05   3.476000E+14   1.435480E+11   2.768000E-01
   4.638000E+05   3.452000E+14   1.429678E+11   2.767000E-01
   4.725000E+05   3.432000E+14   1.425036E+11   2.767000E-01
   4.812000E+05   3.405000E+14   1.419233E+11   2.766000E-01
   4.900000E+05   3.380000E+14   1.418073E+11   2.766000E-01
   4.989000E+05   3.353000E+14   1.413431E+11   2.764000E-01
   5.078000E+05   3.327000E+14   1.405308E+11   2.764000E-01
   5.168000E+05   3.295000E+14   1.398345E+11   2.763000E-01
   5.258000E+05   3.265000E+14   1.392543E+11   2.762000E-01
   5.348000E+05   3.233000E+14   1.383259E+11   2.762000E-01
   5.439000E+05   3.202000E+14   1.377457E+11   2.761000E-01
   5.530000E+05   3.170000E+14   1.365853E+11   2.758000E-01
   5.621000E+05   3.135000E+14   1.350767E+11   2.758000E-01
   5.713000E+05   3.093000E+14   1.351927E+11   2.758000E-01
   5.804000E+05   3.049000E+14   1.360050E+11   2.758000E-01
   5.897000E+05   3.012000E+14   1.356569E+11   2.757000E-01
   5.990000E+05   2.984000E+14   1.331039E+11   2.757000E-01
   6.083000E+05   2.950000E+14   1.326397E+11   2.758000E-01
   6.176000E+05   2.915000E+14   1.342643E+11   2.758000E-01
   6.270000E+05   2.884000E+14   1.339162E+11   2.758000E-01
   6.364000E+05   2.854000E+14   1.311311E+11   2.757000E-01
   6.459000E+05   2.817000E+14   1.299707E+11   2.756000E-01
   6.554000E+05   2.774000E+14   1.304349E+11   2.756000E-01
   6.650000E+05   2.736000E+14   1.288102E+11   2.755000E-01
   6.747000E+05   2.700000E+14   1.261412E+11   2.757000E-01
   6.843000E+05   2.653000E+14   1.273016E+11   2.760000E-01
   6.940000E+05   2.598000E+14   1.312472E+11   2.761000E-01
   7.038000E+05   2.572000E+14   1.271856E+11   2.757000E-01
   7.136000E+05   2.557000E+14   1.188303E+11   2.755000E-01
   7.235000E+05   2.495000E+14   1.249807E+11   2.759000E-01
   7.334000E+05   2.422000E+14   1.321755E+11   2.763000E-01
   7.434000E+05   2.400000E+14   1.234722E+11   2.762000E-01
   7.535000E+05   2.370000E+14   1.158712E+11   2.756000E-01
   7.636000E+05   2.299000E+14   1.202229E+11   2.756000E-01
   7.737000E+05   2.216000E+14   1.271856E+11   2.771000E-01
   7.840000E+05   2.160000E+14   1.269535E+11   2.782000E-01
   7.942000E+05   2.131000E+14   1.218475E+11   2.779000E-01
   8.045999E+05   2.097000E+14   1.217315E+11   2.757000E-01
   8.149999E+05   2.049000E+14   1.217315E+11   2.756000E-01
   8.255000E+05   1.982000E+14   1.234722E+11   2.789000E-01
   8.361000E+05   1.869000E+14   1.331039E+11   2.810000E-01
   8.467000E+05   1.807000E+14   1.319434E+11   2.800000E-01
   8.574001E+05   1.786000E+14   1.217315E+11   2.768000E-01
   8.682000E+05   1.734000E+14   1.195266E+11   2.766000E-01
   8.791001E+05   1.593000E+14   1.361211E+11   2.808000E-01
   8.901000E+05   1.543000E+14   1.363532E+11   2.831000E-01
   9.010999E+05   1.540000E+14   1.266054E+11   2.820000E-01
   9.122000E+05   1.449000E+14   1.341483E+11   2.772000E-01
   9.234999E+05   1.331000E+14   1.463331E+11   2.767000E-01
   9.347999E+05   1.299000E+14   1.340323E+11   2.842000E-01
   9.462000E+05   1.267000E+14   1.235882E+11   2.896000E-01
   9.576999E+05   1.114000E+14   1.436640E+11   2.885000E-01
   9.693000E+05   1.035000E+14   1.579376E+11   2.757000E-01
   9.811000E+05   1.031000E+14   1.485379E+11   2.748000E-01
   9.929000E+05   9.728000E+13   1.435480E+11   2.882000E-01
   1.005000E+06   8.989000E+13   1.393703E+11   2.920000E-01
   1.017000E+06   9.015000E+13   1.377457E+11   2.755000E-01
   1.029000E+06   7.321000E+13   1.611869E+11   2.669000E-01
   1.041000E+06   6.410000E+13   1.354248E+11   2.898000E-01
   1.054000E+06   4.345000E+13   1.081890E+11   3.069000E-01
   1.066000E+06   2.060000E+13   7.646222E+10   3.127000E-01
   1.079000E+06   1.748000E+13   5.861446E+10   3.033000E-01
   1.091000E+06   1.604000E+13   4.880863E+10   2.999000E-01
   1.104000E+06   1.571000E+13   5.034043E+10   2.948000E-01
   1.117000E+06   1.516000E+13   4.943528E+10   2.944000E-01
   1.130000E+06   1.454000E+13   4.900591E+10   2.941000E-01
   1.144000E+06   1.419000E+13   4.912195E+10   2.940000E-01
   1.157000E+06   1.369000E+13   4.805434E+10   2.942000E-01
   1.170000E+06   1.325000E+13   4.850691E+10   2.943000E-01
   1.184000E+06   1.288000E+13   4.705635E+10   2.944000E-01
   1.197000E+06   1.246000E+13   4.761337E+10   2.945000E-01
   1.211000E+06   1.208000E+13   4.637168E+10   2.947000E-01
   1.225000E+06   1.170000E+13   4.640650E+10   2.948000E-01
   1.239000E+06   1.139000E+13   4.584948E+10   2.951000E-01
   1.254000E+06   1.099000E+13   4.546653E+10   2.954000E-01
   1.268000E+06   1.072000E+13   4.515321E+10   2.958000E-01
   1.283000E+06   1.037000E+13   4.475865E+10   2.961000E-01
   1.297000E+06   1.009000E+13   4.442212E+10   2.965000E-01
   1.312000E+06   9.791000E+12   4.406238E+10   2.969000E-01
   1.327000E+06   9.506000E+12   4.369104E+10   2.973000E-01
   1.343000E+06   9.224000E+12   4.337771E+10   2.978000E-01
   1.358000E+06   8.951999E+12   4.304119E+10   2.982000E-01
   1.374000E+06   8.685000E+12   4.269305E+10   2.986000E-01
   1.390000E+06   8.424000E+12   4.240293E+10   2.991000E-01
   1.406000E+06   8.172000E+12   4.207801E+10   2.994000E-01
   1.422000E+06   7.916000E+12   4.171827E+10   2.999000E-01
   1.439000E+06   7.670000E+12   4.134692E+10   3.002000E-01
   1.456000E+06   7.416000E+12   4.101039E+10   3.006000E-01
   1.472000E+06   7.182000E+12   4.065065E+10   3.009000E-01
   1.490000E+06   6.945000E+12   4.029091E+10   3.011000E-01
   1.507000E+06   6.720000E+12   3.991957E+10   3.014000E-01
   1.525000E+06   6.495000E+12   3.953662E+10   3.017000E-01
   1.543000E+06   6.277000E+12   3.914206E+10   3.020000E-01
   1.561000E+06   6.074000E+12   3.877072E+10   3.023000E-01
   1.579000E+06   5.874000E+12   3.839937E+10   3.026000E-01
   1.597000E+06   5.678000E+12   3.806284E+10   3.029000E-01
   1.616000E+06   5.498000E+12   3.774952E+10   3.033000E-01
   1.635000E+06   5.323000E+12   3.738978E+10   3.037000E-01
   1.655000E+06   5.152000E+12   3.704164E+10   3.041000E-01
   1.674000E+06   4.984000E+12   3.672832E+10   3.046000E-01
   1.694000E+06   4.824000E+12   3.641500E+10   3.050000E-01
   1.714000E+06   4.669000E+12   3.611328E+10   3.055000E-01
   1.735000E+06   4.518000E+12   3.583477E+10   3.060000E-01
   1.756000E+06   4.370000E+12   3.552145E+10   3.065000E-01
   1.777000E+06   4.225000E+12   3.520813E+10   3.071000E-01
   1.799000E+06   4.083000E+12   3.489481E+10   3.077000E-01
   1.820000E+06   3.942000E+12   3.455828E+10   3.082000E-01
   1.843000E+06   3.806000E+12   3.425656E+10   3.088000E-01
   1.865000E+06   3.672000E+12   3.394323E+10   3.094000E-01
   1.888000E+06   3.542000E+12   3.361831E+10   3.100000E-01
   1.912000E+06   3.414000E+12   3.327017E+10   3.106000E-01
   1.935000E+06   3.291000E+12   3.294525E+10   3.112000E-01
   1.959000E+06   3.172000E+12   3.259711E+10   3.118000E-01
   1.984000E+06   3.055000E+12   3.227218E+10   3.124000E-01
   2.009000E+06   2.946000E+12   3.195886E+10   3.130000E-01
   2.034000E+06   2.836000E+12   3.162233E+10   3.137000E-01
   2.060000E+06   2.730000E+12   3.132061E+10   3.144000E-01
   2.086000E+06   2.630000E+12   3.099569E+10   3.151000E-01
   2.113000E+06   2.531000E+12   3.068236E+10   3.159000E-01
   2.140000E+06   2.436000E+12   3.039225E+10   3.168000E-01
   2.168000E+06   2.344000E+12   3.011374E+10   3.177000E-01
   2.196000E+06   2.254000E+12   2.982363E+10   3.186000E-01
   2.225000E+06   2.169000E+12   2.947549E+10   3.197000E-01
   2.254000E+06   2.086000E+12   2.912736E+10   3.207000E-01
   2.284000E+06   2.004000E+12   2.894168E+10   3.216000E-01
   2.314000E+06   1.927000E+12   2.868639E+10   3.225000E-01
   2.345000E+06   1.855000E+12   2.831504E+10   3.235000E-01
   2.377000E+06   1.779000E+12   2.811777E+10   3.246000E-01
   2.409000E+06   1.707000E+12   2.780444E+10   3.258000E-01
   2.442000E+06   1.642000E+12   2.740989E+10   3.269000E-01
   2.475000E+06   1.575000E+12   2.723582E+10   3.280000E-01
   2.509000E+06   1.513000E+12   2.706175E+10   3.290000E-01
   2.544000E+06   1.456000E+12   2.666720E+10   3.302000E-01
   2.580000E+06   1.399000E+12   2.631906E+10   3.315000E-01
   2.616000E+06   1.343000E+12   2.616821E+10   3.326000E-01
   2.653000E+06   1.289000E+12   2.595932E+10   3.336000E-01
   2.691000E+06   1.238000E+12   2.561119E+10   3.347000E-01
   2.730000E+06   1.190000E+12   2.541391E+10   3.359000E-01
   2.770000E+06   1.142000E+12   2.506578E+10   3.371000E-01
   2.811000E+06   1.096000E+12   2.491492E+10   3.384000E-01
   2.852000E+06   1.054000E+12   2.456678E+10   3.394000E-01
   2.895000E+06   1.011000E+12   2.441592E+10   3.404000E-01
   2.938000E+06   9.722000E+11   2.428827E+10   3.414000E-01
   2.982000E+06   9.361000E+11   2.394013E+10   3.424000E-01
   3.028000E+06   8.992000E+11   2.374286E+10   3.434000E-01
   3.075000E+06   8.630000E+11   2.361521E+10   3.445000E-01
   3.125000E+06   8.273000E+11   2.335991E+10   3.458000E-01
   3.177000E+06   7.953000E+11   2.304659E+10   3.470000E-01
   3.232000E+06   7.625000E+11   2.293054E+10   3.480000E-01
   3.289000E+06   7.280000E+11   2.280289E+10   3.490000E-01
   3.350000E+06   6.962000E+11   2.247797E+10   3.505000E-01
   3.414000E+06   6.677000E+11   2.216464E+10   3.519000E-01
   3.480000E+06   6.363000E+11   2.203699E+10   3.530000E-01
   3.551000E+06   6.062000E+11   2.192095E+10   3.540000E-01
   3.624000E+06   5.789000E+11   2.167725E+10   3.554000E-01
   3.701000E+06   5.507000E+11   2.136393E+10   3.568000E-01
   3.781000E+06   5.244000E+11   2.125949E+10   3.580000E-01
   3.865000E+06   4.986000E+11   2.110863E+10   3.592000E-01
   3.952000E+06   4.734000E+11   2.074889E+10   3.606000E-01
   4.042000E+06   4.484000E+11   2.059803E+10   3.620000E-01
   4.136000E+06   4.246000E+11   2.050519E+10   3.632000E-01
   4.234000E+06   4.021000E+11   2.023829E+10   3.645000E-01
   4.334000E+06   3.809000E+11   1.999460E+10   3.661000E-01
   4.438000E+06   3.584000E+11   1.986695E+10   3.674000E-01
   4.546000E+06   3.392000E+11   1.966967E+10   3.688000E-01
   4.658000E+06   3.204000E+11   1.949560E+10   3.700000E-01
   4.773000E+06   3.010000E+11   1.936795E+10   3.715000E-01
   4.892000E+06   2.837000E+11   1.920549E+10   3.729000E-01
   5.015000E+06   2.666000E+11   1.907784E+10   3.744000E-01
   5.141000E+06   2.516000E+11   1.881094E+10   3.760000E-01
   5.273000E+06   2.349000E+11   1.862526E+10   3.775000E-01
   5.408000E+06   2.211000E+11   1.849761E+10   3.789000E-01
   5.548000E+06   2.073000E+11   1.839317E+10   3.803000E-01
   5.693000E+06   1.933000E+11   1.812627E+10   3.819000E-01
   5.843000E+06   1.820000E+11   1.803343E+10   3.834000E-01
   5.998000E+06   1.689000E+11   1.782455E+10   3.848000E-01
   6.158000E+06   1.580000E+11   1.765048E+10   3.863000E-01
   6.324000E+06   1.469000E+11   1.749962E+10   3.878000E-01
   6.495000E+06   1.365000E+11   1.736037E+10   3.893000E-01
   6.673000E+06   1.268000E+11   1.722111E+10   3.909000E-01
   6.857000E+06   1.176000E+11   1.705865E+10   3.925000E-01
   7.048000E+06   1.089000E+11   1.687298E+10   3.941000E-01
   7.246000E+06   1.006000E+11   1.669891E+10   3.958000E-01
   7.452000E+06   9.269000E+10   1.653645E+10   3.974000E-01
   7.667000E+06   8.530000E+10   1.637399E+10   3.990000E-01
   7.890000E+06   7.838000E+10   1.621152E+10   4.006000E-01
   8.122000E+06   7.187000E+10   1.602585E+10   4.022000E-01
   8.364000E+06   6.576000E+10   1.584018E+10   4.037000E-01
   8.617000E+06   6.003000E+10   1.565450E+10   4.053000E-01
   8.881000E+06   5.469000E+10   1.546883E+10   4.067000E-01
   9.158000E+06   4.972000E+10   1.528316E+10   4.081000E-01
   9.447000E+06   4.517000E+10   1.508588E+10   4.094000E-01
   9.750000E+06   4.094000E+10   1.486540E+10   4.108000E-01
   1.007000E+07   3.696000E+10   1.469133E+10   4.124000E-01
   1.040000E+07   3.328000E+10   1.450566E+10   4.142000E-01
   1.075000E+07   2.994000E+10   1.429677E+10   4.160000E-01
   1.111000E+07   2.688000E+10   1.407629E+10   4.180000E-01
   1.150000E+07   2.404000E+10   1.386741E+10   4.201000E-01
   1.190000E+07   2.139000E+10   1.375136E+10   4.222000E-01
   1.233000E+07   1.891000E+10   1.367013E+10   4.239000E-01
   1.278000E+07   1.665000E+10   1.363532E+10   4.249000E-01
   1.325000E+07   1.468000E+10   1.356569E+10   4.263000E-01
   1.373000E+07   1.311000E+10   1.336841E+10   4.293000E-01
   1.423000E+07   1.167000E+10   1.312472E+10   4.317000E-01
   1.476000E+07   1.037000E+10   1.298546E+10   4.335000E-01
   1.532000E+07   9.201000E+09   1.275337E+10   4.359000E-01
   1.590000E+07   8.135000E+09   1.255610E+10   4.379000E-01
   1.652000E+07   7.196000E+09   1.237042E+10   4.400000E-01
   1.717000E+07   6.330000E+09   1.213833E+10   4.419000E-01
   1.785000E+07   5.589000E+09   1.194106E+10   4.437000E-01
   1.856000E+07   4.951000E+09   1.175538E+10   4.455000E-01
   1.932000E+07   4.353000E+09   1.156159E+10   4.471000E-01
   2.010000E+07   3.856000E+09   1.137592E+10   4.487000E-01
   2.093000E+07   3.364000E+09   1.116471E+10   4.501000E-01
   2.180000E+07   2.979000E+09   1.101037E+10   4.515000E-01
   2.271000E+07   2.610000E+09   1.080149E+10   4.528000E-01
   2.366000E+07   2.300000E+09   1.061582E+10   4.540000E-01
   2.466000E+07   2.031000E+09   1.044987E+10   4.552000E-01
   2.570000E+07   1.781000E+09   1.025608E+10   4.563000E-01
   2.679000E+07   1.550000E+09   1.005184E+10   4.573000E-01
   2.794000E+07   1.354000E+09   9.875451E+09   4.584000E-01
   2.915000E+07   1.176000E+09   9.675853E+09   4.593000E-01
   3.043000E+07   1.007000E+09   9.453046E+09   4.603000E-01
   3.180000E+07   8.700000E+08   9.266213E+09   4.612000E-01
   3.323000E+07   7.564000E+08   9.051529E+09   4.621000E-01
   3.473000E+07   6.664000E+08   8.883265E+09   4.630000E-01
   3.629000E+07   5.830000E+08   8.695270E+09   4.639000E-01
   3.790000E+07   5.175000E+08   8.523524E+09   4.647000E-01
   3.958000E+07   4.534000E+08   8.334370E+09   4.656000E-01
   4.131000E+07   4.003000E+08   8.148698E+09   4.664000E-01
   4.310000E+07   3.514000E+08   7.953742E+09   4.672000E-01
   4.497000E+07   3.093000E+08   7.771551E+09   4.679000E-01
   4.691000E+07   2.707000E+08   7.564990E+09   4.686000E-01
   4.893000E+07   2.373000E+08   7.368873E+09   4.693000E-01
   5.103000E+07   2.090000E+08   7.172757E+09   4.699000E-01
   5.321000E+07   1.849000E+08   6.998689E+09   4.705000E-01
   5.545000E+07   1.635000E+08   6.810696E+09   4.711000E-01
   5.777000E+07   1.435000E+08   6.626184E+09   4.717000E-01
   6.013000E+07   1.291000E+08   6.398735E+09   4.723000E-01
   6.249000E+07   1.213000E+08   5.802263E+09   4.732000E-01
   6.489000E+07   1.104000E+08   5.629355E+09   4.740000E-01
   6.734000E+07   9.706000E+07   5.452966E+09   4.746000E-01
   6.988000E+07   8.884000E+07   5.329958E+09   4.755000E-01
   7.256000E+07   7.279000E+07   5.167495E+09   4.864000E-01
   7.548000E+07   5.178000E+07   6.141115E+09   4.978000E-01
   7.866000E+07   4.534000E+07   5.827792E+09   4.979000E-01
   8.195000E+07   4.222000E+07   5.730315E+09   4.979000E-01
   8.529000E+07   3.755000E+07   5.562049E+09   4.979000E-01
   8.867000E+07   3.506000E+07   5.471534E+09   4.979000E-01
   9.209000E+07   3.181000E+07   5.335761E+09   4.979000E-01
   9.557000E+07   2.886000E+07   5.196507E+09   4.979000E-01
   9.910000E+07   2.660000E+07   5.101349E+09   4.980000E-01
   1.027000E+08   2.421000E+07   4.969058E+09   4.980000E-01
   1.062000E+08   2.295000E+07   4.901751E+09   4.980000E-01
   1.097000E+08   2.378000E+07   4.457298E+09   4.980000E-01
   1.130000E+08   2.274000E+07   4.350537E+09   4.980000E-01
   1.162000E+08   2.122000E+07   4.215924E+09   4.980000E-01
   1.195000E+08   2.018000E+07   4.137013E+09   4.980000E-01
   1.227000E+08   1.892000E+07   4.040696E+09   4.980000E-01
   1.259000E+08   1.785000E+07   3.954822E+09   4.980000E-01
   1.292000E+08   1.655000E+07   3.827172E+09   4.980000E-01
   1.326000E+08   1.545000E+07   3.719250E+09   4.980000E-01
   1.360000E+08   1.433000E+07   3.625254E+09   4.980000E-01
   1.394000E+08   1.327000E+07   3.527775E+09   4.980000E-01
   1.429000E+08   1.255000E+07   3.434939E+09   4.980000E-01
   1.464000E+08   1.158000E+07   3.321215E+09   4.980000E-01
   1.499000E+08   1.078000E+07   3.237663E+09   4.980000E-01
   1.536000E+08   8.817000E+06   3.345585E+09   5.000000E-01
   1.573000E+08   6.071000E+06   3.703004E+09   5.000000E-01
   1.611000E+08   4.518000E+06   3.801642E+09   5.000000E-01
   1.650000E+08   4.376000E+06   3.745941E+09   5.000000E-01
   1.689000E+08   4.171000E+06   3.689079E+09   5.000000E-01
   1.729000E+08   4.020000E+06   3.648463E+09   5.000000E-01
   1.770000E+08   3.816000E+06   3.593922E+09   5.000000E-01
   1.812000E+08   3.640000E+06   3.548664E+09   5.000000E-01
   1.854000E+08   3.459000E+06   3.488320E+09   5.000000E-01
   1.898000E+08   3.351000E+06   3.454667E+09   5.000000E-01
   1.942000E+08   3.232000E+06   3.382719E+09   5.000000E-01
   1.986000E+08   3.140000E+06   3.346745E+09   5.000000E-01
   2.031000E+08   2.998000E+06   3.292204E+09   5.000000E-01
   2.076000E+08   2.948000E+06   3.271315E+09   5.000000E-01
   2.122000E+08   2.867000E+06   3.243465E+09   5.000000E-01
   2.168000E+08   2.781000E+06   3.214454E+09   5.000000E-01
   2.216000E+08   2.569000E+06   3.132061E+09   5.000000E-01
   2.265000E+08   2.469000E+06   3.089125E+09   5.000000E-01
   2.316000E+08   2.264000E+06   2.999770E+09   5.000000E-01
   2.370000E+08   2.141000E+06   2.942908E+09   5.000000E-01
   2.426000E+08   2.024000E+06   2.888366E+09   5.000000E-01
   2.482000E+08   1.936000E+06   2.846590E+09   5.000000E-01
   2.541000E+08   1.837000E+06   2.801332E+09   5.000000E-01
   2.601000E+08   1.758000E+06   2.759556E+09   5.000000E-01
   2.662000E+08   1.676000E+06   2.714298E+09   5.000000E-01
   2.724000E+08   1.604000E+06   2.674843E+09   5.000000E-01
   2.788000E+08   1.525000E+06   2.629585E+09   5.000000E-01
   2.854000E+08   1.455000E+06   2.587809E+09   5.000000E-01
   2.921000E+08   1.387000E+06   2.547193E+09   5.000000E-01
   2.990000E+08   1.320000E+06   2.508898E+09   5.000000E-01
   3.061000E+08   1.250000E+06   2.463641E+09   5.000000E-01
   3.133000E+08   1.191000E+06   2.423025E+09   5.000000E-01
   3.208000E+08   1.132000E+06   2.383569E+09   5.000000E-01
   3.284000E+08   1.078000E+06   2.344114E+09   5.000000E-01
   3.362000E+08   1.028000E+06   2.306980E+09   5.000000E-01
   3.443000E+08   9.780000E+05   2.268685E+09   5.000000E-01
   3.525000E+08   9.332000E+05   2.236192E+09   5.000000E-01
   3.609000E+08   8.849000E+05   2.196737E+09   5.000000E-01
   3.695000E+08   8.404000E+05   2.158442E+09   5.000000E-01
   3.784000E+08   7.953000E+05   2.118986E+09   5.000000E-01
   3.876000E+08   7.563000E+05   2.083012E+09   5.000000E-01
   3.969000E+08   7.205000E+05   2.049359E+09   5.000000E-01
   4.065000E+08   6.853000E+05   2.014546E+09   5.000000E-01
   4.164000E+08   6.502000E+05   1.980892E+09   5.000000E-01
   4.265000E+08   6.152000E+05   1.943758E+09   5.000000E-01
   4.369000E+08   5.839000E+05   1.910105E+09   5.000000E-01
   4.476000E+08   5.539000E+05   1.876452E+09   5.000000E-01
   4.586000E+08   5.256000E+05   1.842799E+09   5.000000E-01
   4.699000E+08   4.985000E+05   1.810306E+09   5.000000E-01
   4.814000E+08   4.725000E+05   1.777813E+09   5.000000E-01
   4.934000E+08   4.466000E+05   1.744160E+09   5.000000E-01
   5.056000E+08   4.229000E+05   1.711667E+09   5.000000E-01
   5.182000E+08   4.007000E+05   1.679175E+09   5.000000E-01
   5.311000E+08   3.792000E+05   1.647843E+09   5.000000E-01
   5.444000E+08   3.588000E+05   1.616510E+09   5.000000E-01
   5.581000E+08   3.391000E+05   1.585178E+09   5.000000E-01
   5.722000E+08   3.205000E+05   1.555006E+09   5.000000E-01
   5.867000E+08   3.020000E+05   1.522514E+09   5.000000E-01
   6.016000E+08   2.853000E+05   1.492342E+09   5.000000E-01
   6.169000E+08   2.690000E+05   1.462170E+09   5.000000E-01
   6.327000E+08   2.540000E+05   1.431998E+09   5.000000E-01
   6.489000E+08   2.376000E+05   1.393703E+09   5.000000E-01
   6.655000E+08   2.236000E+05   1.365853E+09   5.000000E-01
   6.827000E+08   2.101000E+05   1.338002E+09   5.000000E-01
   7.004000E+08   1.977000E+05   1.311311E+09   5.000000E-01
   7.186000E+08   1.856000E+05   1.283460E+09   5.000000E-01
   7.373000E+08   1.750000E+05   1.257930E+09   5.000000E-01
   7.566000E+08   1.639000E+05   1.230080E+09   5.000000E-01
   7.765000E+08   1.538000E+05   1.202229E+09   5.000000E-01
   7.970000E+08   1.444000E+05   1.176699E+09   5.000000E-01
   8.181000E+08   1.358000E+05   1.150937E+09   5.000000E-01
   8.398000E+08   1.277000E+05   1.126219E+09   5.000000E-01
   8.621000E+08   1.195000E+05   1.099877E+09   5.000000E-01
   8.852000E+08   1.116000E+05   1.073070E+09   5.000000E-01
   9.090000E+08   1.048000E+05   1.048817E+09   5.000000E-01
   9.334000E+08   9.902000E+04   1.027116E+09   5.000000E-01
   9.590000E+08   9.772000E+04   1.013771E+09   5.000000E-01
   9.862000E+08   8.952000E+04   1.014235E+09   5.000000E-01
