# VX-G15 from Rampp & Janka (2002)
number of variables = 3
number of lines = 400
dens
temp
ye  
   2.203000E+04   1.050000E+12   2.102740E+10   3.313000E-01
   6.608000E+04   1.050000E+12   2.103900E+10   3.313000E-01
   1.101000E+05   1.049000E+12   2.101580E+10   3.314000E-01
   1.541000E+05   1.049000E+12   2.100419E+10   3.315000E-01
   1.982000E+05   1.048000E+12   2.099259E+10   3.316000E-01
   2.424000E+05   1.047000E+12   2.098098E+10   3.317000E-01
   2.865000E+05   1.046000E+12   2.098098E+10   3.318000E-01
   3.306000E+05   1.045000E+12   2.096938E+10   3.319000E-01
   3.747000E+05   1.043000E+12   2.095777E+10   3.320000E-01
   4.189000E+05   1.042000E+12   2.094617E+10   3.321000E-01
   4.631000E+05   1.040000E+12   2.093456E+10   3.322000E-01
   5.073000E+05   1.038000E+12   2.092296E+10   3.323000E-01
   5.516000E+05   1.036000E+12   2.091135E+10   3.325000E-01
   5.959000E+05   1.034000E+12   2.089975E+10   3.326000E-01
   6.402000E+05   1.032000E+12   2.087654E+10   3.328000E-01
   6.846000E+05   1.029000E+12   2.086494E+10   3.330000E-01
   7.290000E+05   1.027000E+12   2.085333E+10   3.331000E-01
   7.734000E+05   1.024000E+12   2.083012E+10   3.333000E-01
   8.178001E+05   1.021000E+12   2.081852E+10   3.335000E-01
   8.623000E+05   1.018000E+12   2.079531E+10   3.337000E-01
   9.067001E+05   1.015000E+12   2.077210E+10   3.339000E-01
   9.512000E+05   1.012000E+12   2.076050E+10   3.342000E-01
   9.958000E+05   1.008000E+12   2.073729E+10   3.344000E-01
   1.040000E+06   1.004000E+12   2.071408E+10   3.346000E-01
   1.085000E+06   1.000000E+12   2.069087E+10   3.349000E-01
   1.129000E+06   9.966000E+11   2.066766E+10   3.351000E-01
   1.174000E+06   9.925000E+11   2.064445E+10   3.354000E-01
   1.219000E+06   9.883000E+11   2.060964E+10   3.357000E-01
   1.263000E+06   9.840000E+11   2.058643E+10   3.360000E-01
   1.308000E+06   9.795000E+11   2.056322E+10   3.362000E-01
   1.353000E+06   9.750000E+11   2.054001E+10   3.365000E-01
   1.397000E+06   9.703000E+11   2.050519E+10   3.368000E-01
   1.442000E+06   9.655000E+11   2.048199E+10   3.372000E-01
   1.487000E+06   9.606000E+11   2.044717E+10   3.375000E-01
   1.532000E+06   9.556000E+11   2.042396E+10   3.378000E-01
   1.577000E+06   9.504000E+11   2.038915E+10   3.381000E-01
   1.621000E+06   9.452000E+11   2.036594E+10   3.385000E-01
   1.666000E+06   9.398000E+11   2.033113E+10   3.388000E-01
   1.711000E+06   9.344000E+11   2.029631E+10   3.392000E-01
   1.756000E+06   9.289000E+11   2.026150E+10   3.395000E-01
   1.801000E+06   9.232000E+11   2.022669E+10   3.399000E-01
   1.846000E+06   9.175000E+11   2.019187E+10   3.402000E-01
   1.891000E+06   9.117000E+11   2.015706E+10   3.406000E-01
   1.937000E+06   9.058000E+11   2.012225E+10   3.410000E-01
   1.982000E+06   8.998000E+11   2.008743E+10   3.414000E-01
   2.027000E+06   8.938000E+11   2.005262E+10   3.418000E-01
   2.072000E+06   8.877000E+11   2.000620E+10   3.422000E-01
   2.118000E+06   8.815000E+11   1.997139E+10   3.426000E-01
   2.163000E+06   8.753000E+11   1.993658E+10   3.430000E-01
   2.208000E+06   8.690000E+11   1.989016E+10   3.434000E-01
   2.254000E+06   8.626000E+11   1.985534E+10   3.438000E-01
   2.299000E+06   8.562000E+11   1.980892E+10   3.442000E-01
   2.345000E+06   8.496000E+11   1.976251E+10   3.447000E-01
   2.390000E+06   8.431000E+11   1.972769E+10   3.451000E-01
   2.436000E+06   8.364000E+11   1.968127E+10   3.455000E-01
   2.482000E+06   8.297000E+11   1.963486E+10   3.459000E-01
   2.527000E+06   8.230000E+11   1.960004E+10   3.464000E-01
   2.573000E+06   8.162000E+11   1.955362E+10   3.468000E-01
   2.619000E+06   8.094000E+11   1.950721E+10   3.473000E-01
   2.665000E+06   8.025000E+11   1.946079E+10   3.477000E-01
   2.711000E+06   7.956000E+11   1.942597E+10   3.481000E-01
   2.757000E+06   7.886000E+11   1.937956E+10   3.486000E-01
   2.803000E+06   7.817000E+11   1.933314E+10   3.490000E-01
   2.849000E+06   7.747000E+11   1.929832E+10   3.495000E-01
   2.896000E+06   7.676000E+11   1.925191E+10   3.499000E-01
   2.942000E+06   7.606000E+11   1.920549E+10   3.504000E-01
   2.988000E+06   7.535000E+11   1.915907E+10   3.508000E-01
   3.035000E+06   7.464000E+11   1.911265E+10   3.513000E-01
   3.081000E+06   7.393000E+11   1.906623E+10   3.518000E-01
   3.128000E+06   7.322000E+11   1.901982E+10   3.522000E-01
   3.174000E+06   7.250000E+11   1.897340E+10   3.527000E-01
   3.221000E+06   7.179000E+11   1.892698E+10   3.531000E-01
   3.268000E+06   7.108000E+11   1.888056E+10   3.536000E-01
   3.315000E+06   7.036000E+11   1.883415E+10   3.541000E-01
   3.362000E+06   6.965000E+11   1.879933E+10   3.545000E-01
   3.409000E+06   6.893000E+11   1.875291E+10   3.550000E-01
   3.456000E+06   6.822000E+11   1.870649E+10   3.555000E-01
   3.503000E+06   6.751000E+11   1.866008E+10   3.559000E-01
   3.550000E+06   6.680000E+11   1.861366E+10   3.564000E-01
   3.597000E+06   6.610000E+11   1.856724E+10   3.569000E-01
   3.645000E+06   6.539000E+11   1.852082E+10   3.573000E-01
   3.692000E+06   6.469000E+11   1.847440E+10   3.578000E-01
   3.739000E+06   6.399000E+11   1.842799E+10   3.582000E-01
   3.787000E+06   6.328000E+11   1.838157E+10   3.587000E-01
   3.834000E+06   6.258000E+11   1.833515E+10   3.592000E-01
   3.882000E+06   6.188000E+11   1.828873E+10   3.596000E-01
   3.930000E+06   6.117000E+11   1.825392E+10   3.600000E-01
   3.978000E+06   6.048000E+11   1.820750E+10   3.605000E-01
   4.026000E+06   5.978000E+11   1.816108E+10   3.610000E-01
   4.074000E+06   5.908000E+11   1.811466E+10   3.614000E-01
   4.122000E+06   5.839000E+11   1.806825E+10   3.619000E-01
   4.170000E+06   5.770000E+11   1.802183E+10   3.623000E-01
   4.218000E+06   5.701000E+11   1.797541E+10   3.628000E-01
   4.267000E+06   5.633000E+11   1.792899E+10   3.632000E-01
   4.315000E+06   5.565000E+11   1.788257E+10   3.636000E-01
   4.364000E+06   5.498000E+11   1.784776E+10   3.641000E-01
   4.412000E+06   5.431000E+11   1.780134E+10   3.645000E-01
   4.461000E+06   5.364000E+11   1.775492E+10   3.649000E-01
   4.510000E+06   5.298000E+11   1.772011E+10   3.653000E-01
   4.559000E+06   5.232000E+11   1.767369E+10   3.658000E-01
   4.608000E+06   5.166000E+11   1.763888E+10   3.662000E-01
   4.657000E+06   5.101000E+11   1.759246E+10   3.666000E-01
   4.706000E+06   5.036000E+11   1.755765E+10   3.670000E-01
   4.755000E+06   4.972000E+11   1.752283E+10   3.674000E-01
   4.804000E+06   4.908000E+11   1.747642E+10   3.678000E-01
   4.854000E+06   4.845000E+11   1.744160E+10   3.682000E-01
   4.903000E+06   4.783000E+11   1.739518E+10   3.686000E-01
   4.953000E+06   4.721000E+11   1.734877E+10   3.690000E-01
   5.002000E+06   4.659000E+11   1.730235E+10   3.694000E-01
   5.052000E+06   4.598000E+11   1.726753E+10   3.698000E-01
   5.102000E+06   4.538000E+11   1.723272E+10   3.702000E-01
   5.152000E+06   4.477000E+11   1.718630E+10   3.705000E-01
   5.202000E+06   4.417000E+11   1.713988E+10   3.709000E-01
   5.252000E+06   4.358000E+11   1.709347E+10   3.713000E-01
   5.302000E+06   4.299000E+11   1.705865E+10   3.716000E-01
   5.352000E+06   4.241000E+11   1.701223E+10   3.720000E-01
   5.403000E+06   4.183000E+11   1.696582E+10   3.724000E-01
   5.453000E+06   4.126000E+11   1.693100E+10   3.727000E-01
   5.504000E+06   4.069000E+11   1.689619E+10   3.730000E-01
   5.554000E+06   4.013000E+11   1.684977E+10   3.734000E-01
   5.605000E+06   3.957000E+11   1.681496E+10   3.737000E-01
   5.656000E+06   3.902000E+11   1.678014E+10   3.740000E-01
   5.707000E+06   3.847000E+11   1.674533E+10   3.743000E-01
   5.758000E+06   3.793000E+11   1.671052E+10   3.746000E-01
   5.809000E+06   3.739000E+11   1.667570E+10   3.749000E-01
   5.860000E+06   3.686000E+11   1.665249E+10   3.752000E-01
   5.912000E+06   3.633000E+11   1.661768E+10   3.755000E-01
   5.963000E+06   3.580000E+11   1.658287E+10   3.758000E-01
   6.014000E+06   3.528000E+11   1.654805E+10   3.760000E-01
   6.066000E+06   3.477000E+11   1.651324E+10   3.763000E-01
   6.118000E+06   3.426000E+11   1.649003E+10   3.766000E-01
   6.170000E+06   3.375000E+11   1.645522E+10   3.769000E-01
   6.222000E+06   3.325000E+11   1.643201E+10   3.772000E-01
   6.274000E+06   3.275000E+11   1.639719E+10   3.775000E-01
   6.326000E+06   3.226000E+11   1.637399E+10   3.778000E-01
   6.378000E+06   3.178000E+11   1.635078E+10   3.780000E-01
   6.431000E+06   3.129000E+11   1.632757E+10   3.783000E-01
   6.483000E+06   3.082000E+11   1.629275E+10   3.786000E-01
   6.536000E+06   3.034000E+11   1.626954E+10   3.789000E-01
   6.589000E+06   2.988000E+11   1.624633E+10   3.791000E-01
   6.641000E+06   2.942000E+11   1.621152E+10   3.794000E-01
   6.694000E+06   2.896000E+11   1.618831E+10   3.797000E-01
   6.748000E+06   2.851000E+11   1.616510E+10   3.800000E-01
   6.801000E+06   2.806000E+11   1.613029E+10   3.802000E-01
   6.854000E+06   2.762000E+11   1.609548E+10   3.805000E-01
   6.908000E+06   2.719000E+11   1.607227E+10   3.808000E-01
   6.961000E+06   2.676000E+11   1.603745E+10   3.811000E-01
   7.015000E+06   2.633000E+11   1.601424E+10   3.813000E-01
   7.069000E+06   2.591000E+11   1.597943E+10   3.816000E-01
   7.123000E+06   2.550000E+11   1.595622E+10   3.819000E-01
   7.178000E+06   2.508000E+11   1.593301E+10   3.822000E-01
   7.232000E+06   2.468000E+11   1.589820E+10   3.824000E-01
   7.286000E+06   2.428000E+11   1.587499E+10   3.827000E-01
   7.341000E+06   2.388000E+11   1.585178E+10   3.830000E-01
   7.396000E+06   2.349000E+11   1.581697E+10   3.832000E-01
   7.451000E+06   2.311000E+11   1.579376E+10   3.835000E-01
   7.506000E+06   2.273000E+11   1.577055E+10   3.837000E-01
   7.561000E+06   2.235000E+11   1.574734E+10   3.840000E-01
   7.616000E+06   2.198000E+11   1.572413E+10   3.843000E-01
   7.672000E+06   2.162000E+11   1.570092E+10   3.845000E-01
   7.727000E+06   2.126000E+11   1.567771E+10   3.848000E-01
   7.783000E+06   2.090000E+11   1.565450E+10   3.850000E-01
   7.839000E+06   2.055000E+11   1.563130E+10   3.853000E-01
   7.895000E+06   2.020000E+11   1.561969E+10   3.855000E-01
   7.952000E+06   1.986000E+11   1.559648E+10   3.857000E-01
   8.008000E+06   1.952000E+11   1.557327E+10   3.860000E-01
   8.064000E+06   1.919000E+11   1.555006E+10   3.862000E-01
   8.121000E+06   1.887000E+11   1.552686E+10   3.865000E-01
   8.178000E+06   1.854000E+11   1.550364E+10   3.867000E-01
   8.235000E+06   1.822000E+11   1.549204E+10   3.870000E-01
   8.292000E+06   1.791000E+11   1.546883E+10   3.872000E-01
   8.350000E+06   1.760000E+11   1.544562E+10   3.875000E-01
   8.407000E+06   1.729000E+11   1.542241E+10   3.877000E-01
   8.465000E+06   1.699000E+11   1.541081E+10   3.879000E-01
   8.523000E+06   1.669000E+11   1.538760E+10   3.882000E-01
   8.581000E+06   1.640000E+11   1.536439E+10   3.884000E-01
   8.639000E+06   1.611000E+11   1.534118E+10   3.887000E-01
   8.698000E+06   1.582000E+11   1.531797E+10   3.889000E-01
   8.757000E+06   1.554000E+11   1.529476E+10   3.891000E-01
   8.815000E+06   1.526000E+11   1.527156E+10   3.894000E-01
   8.875000E+06   1.499000E+11   1.525995E+10   3.896000E-01
   8.934000E+06   1.472000E+11   1.523674E+10   3.899000E-01
   8.993000E+06   1.445000E+11   1.521353E+10   3.901000E-01
   9.053000E+06   1.419000E+11   1.519032E+10   3.904000E-01
   9.113000E+06   1.393000E+11   1.516711E+10   3.906000E-01
   9.173000E+06   1.368000E+11   1.515551E+10   3.909000E-01
   9.233000E+06   1.343000E+11   1.513230E+10   3.911000E-01
   9.293000E+06   1.318000E+11   1.510909E+10   3.914000E-01
   9.354000E+06   1.294000E+11   1.508588E+10   3.916000E-01
   9.415000E+06   1.270000E+11   1.506267E+10   3.919000E-01
   9.476000E+06   1.246000E+11   1.505107E+10   3.922000E-01
   9.537000E+06   1.223000E+11   1.502786E+10   3.924000E-01
   9.599000E+06   1.200000E+11   1.500465E+10   3.927000E-01
   9.661000E+06   1.178000E+11   1.498144E+10   3.930000E-01
   9.723000E+06   1.156000E+11   1.495823E+10   3.932000E-01
   9.785000E+06   1.134000E+11   1.493502E+10   3.935000E-01
   9.847000E+06   1.113000E+11   1.491181E+10   3.938000E-01
   9.910000E+06   1.092000E+11   1.488861E+10   3.940000E-01
   9.973000E+06   1.071000E+11   1.486540E+10   3.943000E-01
   1.004000E+07   1.051000E+11   1.485379E+10   3.945000E-01
   1.010000E+07   1.031000E+11   1.483058E+10   3.948000E-01
   1.017000E+07   1.010000E+11   1.480737E+10   3.950000E-01
   1.023000E+07   9.898000E+10   1.479577E+10   3.953000E-01
   1.030000E+07   9.690000E+10   1.477256E+10   3.955000E-01
   1.038000E+07   9.480000E+10   1.474935E+10   3.958000E-01
   1.045000E+07   9.269000E+10   1.472614E+10   3.961000E-01
   1.053000E+07   9.057000E+10   1.471454E+10   3.963000E-01
   1.061000E+07   8.844000E+10   1.469133E+10   3.966000E-01
   1.069000E+07   8.630000E+10   1.466812E+10   3.969000E-01
   1.078000E+07   8.415000E+10   1.464491E+10   3.972000E-01
   1.086000E+07   8.200000E+10   1.462170E+10   3.975000E-01
   1.095000E+07   7.984000E+10   1.459849E+10   3.978000E-01
   1.104000E+07   7.768000E+10   1.457528E+10   3.982000E-01
   1.114000E+07   7.552000E+10   1.455207E+10   3.985000E-01
   1.124000E+07   7.336000E+10   1.452887E+10   3.988000E-01
   1.134000E+07   7.121000E+10   1.449405E+10   3.992000E-01
   1.144000E+07   6.907000E+10   1.445924E+10   3.996000E-01
   1.155000E+07   6.694000E+10   1.442443E+10   4.000000E-01
   1.166000E+07   6.481000E+10   1.438961E+10   4.004000E-01
   1.177000E+07   6.269000E+10   1.435480E+10   4.008000E-01
   1.189000E+07   6.058000E+10   1.431998E+10   4.012000E-01
   1.201000E+07   5.850000E+10   1.427357E+10   4.017000E-01
   1.213000E+07   5.643000E+10   1.423875E+10   4.021000E-01
   1.226000E+07   5.438000E+10   1.420394E+10   4.026000E-01
   1.239000E+07   5.234000E+10   1.415752E+10   4.031000E-01
   1.253000E+07   5.032000E+10   1.412271E+10   4.036000E-01
   1.267000E+07   4.833000E+10   1.407629E+10   4.042000E-01
   1.282000E+07   4.637000E+10   1.402987E+10   4.047000E-01
   1.297000E+07   4.444000E+10   1.397185E+10   4.053000E-01
   1.312000E+07   4.253000E+10   1.392543E+10   4.058000E-01
   1.328000E+07   4.066000E+10   1.387901E+10   4.064000E-01
   1.345000E+07   3.883000E+10   1.382099E+10   4.070000E-01
   1.362000E+07   3.703000E+10   1.376297E+10   4.076000E-01
   1.380000E+07   3.527000E+10   1.369334E+10   4.083000E-01
   1.398000E+07   3.356000E+10   1.362371E+10   4.089000E-01
   1.417000E+07   3.189000E+10   1.354248E+10   4.095000E-01
   1.437000E+07   3.026000E+10   1.348446E+10   4.101000E-01
   1.457000E+07   2.867000E+10   1.341483E+10   4.107000E-01
   1.479000E+07   2.712000E+10   1.334520E+10   4.114000E-01
   1.501000E+07   2.562000E+10   1.327558E+10   4.122000E-01
   1.523000E+07   2.416000E+10   1.321755E+10   4.131000E-01
   1.547000E+07   2.274000E+10   1.314793E+10   4.141000E-01
   1.571000E+07   2.137000E+10   1.307830E+10   4.151000E-01
   1.597000E+07   2.005000E+10   1.302028E+10   4.163000E-01
   1.623000E+07   1.878000E+10   1.292744E+10   4.175000E-01
   1.651000E+07   1.755000E+10   1.282300E+10   4.187000E-01
   1.680000E+07   1.637000E+10   1.271856E+10   4.201000E-01
   1.710000E+07   1.524000E+10   1.261412E+10   4.215000E-01
   1.741000E+07   1.415000E+10   1.250968E+10   4.229000E-01
   1.774000E+07   1.310000E+10   1.241684E+10   4.244000E-01
   1.808000E+07   1.210000E+10   1.232401E+10   4.260000E-01
   1.844000E+07   1.115000E+10   1.221957E+10   4.275000E-01
   1.882000E+07   1.027000E+10   1.209192E+10   4.291000E-01
   1.921000E+07   9.444000E+09   1.196427E+10   4.306000E-01
   1.962000E+07   8.669000E+09   1.182501E+10   4.323000E-01
   2.005000E+07   7.934000E+09   1.170896E+10   4.344000E-01
   2.049000E+07   7.168000E+09   1.194106E+10   4.345000E-01
   2.095000E+07   6.537000E+09   1.197587E+10   4.351000E-01
   2.141000E+07   5.983000E+09   1.184822E+10   4.372000E-01
   2.191000E+07   5.466000E+09   1.173217E+10   4.389000E-01
   2.242000E+07   4.977000E+09   1.162773E+10   4.405000E-01
   2.296000E+07   4.523000E+09   1.147455E+10   4.420000E-01
   2.353000E+07   4.109000E+09   1.132370E+10   4.435000E-01
   2.412000E+07   3.724000E+09   1.118328E+10   4.450000E-01
   2.474000E+07   3.378000E+09   1.105563E+10   4.464000E-01
   2.540000E+07   3.064000E+09   1.092798E+10   4.478000E-01
   2.608000E+07   2.775000E+09   1.077828E+10   4.491000E-01
   2.679000E+07   2.509000E+09   1.063903E+10   4.504000E-01
   2.754000E+07   2.256000E+09   1.050326E+10   4.516000E-01
   2.833000E+07   2.021000E+09   1.037561E+10   4.528000E-01
   2.916000E+07   1.816000E+09   1.020966E+10   4.539000E-01
   3.002000E+07   1.627000E+09   1.005300E+10   4.549000E-01
   3.094000E+07   1.446000E+09   9.898660E+09   4.560000E-01
   3.190000E+07   1.278000E+09   9.732716E+09   4.569000E-01
   3.293000E+07   1.126000E+09   9.550524E+09   4.579000E-01
   3.401000E+07   9.911000E+08   9.379938E+09   4.588000E-01
   3.515000E+07   8.828000E+08   9.230240E+09   4.597000E-01
   3.635000E+07   7.819000E+08   9.052689E+09   4.606000E-01
   3.761000E+07   6.943000E+08   8.893707E+09   4.614000E-01
   3.893000E+07   6.140000E+08   8.728924E+09   4.623000E-01
   4.031000E+07   5.455000E+08   8.558338E+09   4.632000E-01
   4.175000E+07   4.840000E+08   8.391232E+09   4.640000E-01
   4.326000E+07   4.300000E+08   8.229929E+09   4.649000E-01
   4.482000E+07   3.827000E+08   8.053540E+09   4.657000E-01
   4.645000E+07   3.423000E+08   7.894558E+09   4.665000E-01
   4.814000E+07   3.053000E+08   7.725132E+09   4.672000E-01
   4.988000E+07   2.720000E+08   7.556867E+09   4.680000E-01
   5.170000E+07   2.423000E+08   7.387441E+09   4.687000E-01
   5.358000E+07   2.150000E+08   7.204089E+09   4.694000E-01
   5.555000E+07   1.896000E+08   7.018417E+09   4.700000E-01
   5.761000E+07   1.673000E+08   6.832744E+09   4.706000E-01
   5.974000E+07   1.498000E+08   6.672602E+09   4.712000E-01
   6.192000E+07   1.355000E+08   6.528706E+09   4.717000E-01
   6.414000E+07   1.217000E+08   6.348836E+09   4.723000E-01
   6.635000E+07   1.164000E+08   5.763967E+09   4.732000E-01
   6.861000E+07   1.039000E+08   5.543481E+09   4.740000E-01
   7.096000E+07   9.036000E+07   5.354328E+09   4.746000E-01
   7.341000E+07   8.470000E+07   5.235962E+09   4.752000E-01
   7.601000E+07   6.888000E+07   5.146607E+09   4.850000E-01
   7.886000E+07   4.952000E+07   5.971688E+09   4.978000E-01
   8.193000E+07   4.355000E+07   5.761647E+09   4.979000E-01
   8.507000E+07   4.154000E+07   5.696662E+09   4.979000E-01
   8.823000E+07   3.767000E+07   5.565530E+09   4.979000E-01
   9.145000E+07   3.408000E+07   5.412350E+09   4.979000E-01
   9.475000E+07   3.130000E+07   5.303268E+09   4.979000E-01
   9.812000E+07   2.836000E+07   5.166334E+09   4.979000E-01
   1.015000E+08   2.643000E+07   5.088584E+09   4.980000E-01
   1.050000E+08   2.415000E+07   4.958614E+09   4.980000E-01
   1.084000E+08   2.288000E+07   4.897110E+09   4.980000E-01
   1.117000E+08   2.391000E+07   4.472384E+09   4.980000E-01
   1.149000E+08   2.289000E+07   4.358660E+09   4.980000E-01
   1.180000E+08   2.139000E+07   4.228689E+09   4.980000E-01
   1.211000E+08   2.023000E+07   4.139334E+09   4.980000E-01
   1.243000E+08   1.896000E+07   4.043016E+09   4.980000E-01
   1.275000E+08   1.780000E+07   3.951341E+09   4.980000E-01
   1.307000E+08   1.655000E+07   3.828333E+09   4.980000E-01
   1.340000E+08   1.540000E+07   3.715769E+09   4.980000E-01
   1.373000E+08   1.445000E+07   3.634537E+09   4.980000E-01
   1.406000E+08   1.331000E+07   3.532417E+09   4.980000E-01
   1.440000E+08   1.254000E+07   3.433779E+09   4.980000E-01
   1.475000E+08   1.158000E+07   3.322376E+09   4.980000E-01
   1.510000E+08   1.077000E+07   3.236502E+09   4.980000E-01
   1.546000E+08   8.810000E+06   3.327017E+09   5.000000E-01
   1.583000E+08   6.082000E+06   3.690239E+09   5.000000E-01
   1.621000E+08   4.533000E+06   3.805124E+09   5.000000E-01
   1.659000E+08   4.385000E+06   3.748262E+09   5.000000E-01
   1.698000E+08   4.178000E+06   3.690239E+09   5.000000E-01
   1.738000E+08   4.020000E+06   3.647302E+09   5.000000E-01
   1.778000E+08   3.812000E+06   3.592761E+09   5.000000E-01
   1.820000E+08   3.642000E+06   3.548664E+09   5.000000E-01
   1.862000E+08   3.462000E+06   3.489481E+09   5.000000E-01
   1.905000E+08   3.366000E+06   3.460470E+09   5.000000E-01
   1.948000E+08   3.239000E+06   3.385040E+09   5.000000E-01
   1.992000E+08   3.143000E+06   3.347906E+09   5.000000E-01
   2.037000E+08   3.029000E+06   3.302648E+09   5.000000E-01
   2.081000E+08   2.991000E+06   3.286402E+09   5.000000E-01
   2.126000E+08   2.879000E+06   3.246946E+09   5.000000E-01
   2.172000E+08   2.775000E+06   3.212133E+09   5.000000E-01
   2.220000E+08   2.546000E+06   3.122778E+09   5.000000E-01
   2.270000E+08   2.415000E+06   3.065916E+09   5.000000E-01
   2.322000E+08   2.237000E+06   2.988165E+09   5.000000E-01
   2.376000E+08   2.130000E+06   2.938266E+09   5.000000E-01
   2.431000E+08   2.021000E+06   2.887206E+09   5.000000E-01
   2.488000E+08   1.936000E+06   2.846590E+09   5.000000E-01
   2.546000E+08   1.837000E+06   2.801332E+09   5.000000E-01
   2.606000E+08   1.757000E+06   2.759556E+09   5.000000E-01
   2.667000E+08   1.676000E+06   2.714298E+09   5.000000E-01
   2.729000E+08   1.602000E+06   2.673682E+09   5.000000E-01
   2.793000E+08   1.523000E+06   2.628425E+09   5.000000E-01
   2.858000E+08   1.454000E+06   2.586649E+09   5.000000E-01
   2.925000E+08   1.385000E+06   2.546033E+09   5.000000E-01
   2.994000E+08   1.319000E+06   2.508898E+09   5.000000E-01
   3.065000E+08   1.249000E+06   2.463641E+09   5.000000E-01
   3.137000E+08   1.190000E+06   2.423025E+09   5.000000E-01
   3.212000E+08   1.132000E+06   2.383569E+09   5.000000E-01
   3.288000E+08   1.077000E+06   2.342954E+09   5.000000E-01
   3.366000E+08   1.027000E+06   2.305819E+09   5.000000E-01
   3.446000E+08   9.776000E+05   2.268685E+09   5.000000E-01
   3.528000E+08   9.331000E+05   2.236192E+09   5.000000E-01
   3.612000E+08   8.846000E+05   2.196737E+09   5.000000E-01
   3.698000E+08   8.399000E+05   2.158442E+09   5.000000E-01
   3.787000E+08   7.953000E+05   2.118986E+09   5.000000E-01
   3.878000E+08   7.563000E+05   2.083012E+09   5.000000E-01
   3.972000E+08   7.206000E+05   2.049359E+09   5.000000E-01
   4.068000E+08   6.852000E+05   2.014546E+09   5.000000E-01
   4.166000E+08   6.498000E+05   1.980892E+09   5.000000E-01
   4.268000E+08   6.149000E+05   1.943758E+09   5.000000E-01
   4.372000E+08   5.838000E+05   1.910105E+09   5.000000E-01
   4.478000E+08   5.540000E+05   1.876452E+09   5.000000E-01
   4.588000E+08   5.255000E+05   1.842799E+09   5.000000E-01
   4.701000E+08   4.984000E+05   1.810306E+09   5.000000E-01
   4.816000E+08   4.724000E+05   1.777813E+09   5.000000E-01
   4.936000E+08   4.466000E+05   1.744160E+09   5.000000E-01
   5.058000E+08   4.229000E+05   1.711667E+09   5.000000E-01
   5.184000E+08   4.006000E+05   1.679175E+09   5.000000E-01
   5.313000E+08   3.790000E+05   1.647843E+09   5.000000E-01
   5.446000E+08   3.588000E+05   1.616510E+09   5.000000E-01
   5.583000E+08   3.391000E+05   1.585178E+09   5.000000E-01
   5.723000E+08   3.205000E+05   1.555006E+09   5.000000E-01
   5.868000E+08   3.020000E+05   1.522514E+09   5.000000E-01
   6.017000E+08   2.852000E+05   1.492342E+09   5.000000E-01
   6.170000E+08   2.689000E+05   1.462170E+09   5.000000E-01
   6.328000E+08   2.540000E+05   1.431998E+09   5.000000E-01
   6.490000E+08   2.376000E+05   1.393703E+09   5.000000E-01
   6.656000E+08   2.236000E+05   1.365853E+09   5.000000E-01
   6.828000E+08   2.101000E+05   1.338002E+09   5.000000E-01
   7.005000E+08   1.977000E+05   1.311311E+09   5.000000E-01
   7.187000E+08   1.856000E+05   1.283460E+09   5.000000E-01
   7.374000E+08   1.750000E+05   1.257930E+09   5.000000E-01
   7.567000E+08   1.639000E+05   1.230080E+09   5.000000E-01
   7.766000E+08   1.538000E+05   1.202229E+09   5.000000E-01
   7.970000E+08   1.444000E+05   1.176699E+09   5.000000E-01
   8.181000E+08   1.358000E+05   1.150937E+09   5.000000E-01
   8.398000E+08   1.277000E+05   1.126219E+09   5.000000E-01
   8.622000E+08   1.196000E+05   1.099877E+09   5.000000E-01
   8.853000E+08   1.116000E+05   1.073070E+09   5.000000E-01
   9.091000E+08   1.048000E+05   1.048701E+09   5.000000E-01
   9.335000E+08   9.888000E+04   1.026652E+09   5.000000E-01
   9.591000E+08   9.735000E+04   1.012959E+09   5.000000E-01
   9.862000E+08   8.942000E+04   1.012379E+09   5.000000E-01
