# VX-G15 from Rampp & Janka (2002)
number of variables = 3
number of lines = 400
dens
temp
ye  
   9.108000E+03   1.490000E+13   4.531567E+10   2.633000E-01
   2.732000E+04   1.489000E+13   4.531567E+10   2.633000E-01
   4.553000E+04   1.488000E+13   4.528086E+10   2.633000E-01
   6.370000E+04   1.487000E+13   4.501395E+10   2.638000E-01
   8.195000E+04   1.484000E+13   4.448014E+10   2.649000E-01
   1.003000E+05   1.483000E+13   4.396954E+10   2.656000E-01
   1.185000E+05   1.481000E+13   4.370264E+10   2.659000E-01
   1.368000E+05   1.478000E+13   4.365622E+10   2.663000E-01
   1.552000E+05   1.473000E+13   4.365622E+10   2.668000E-01
   1.735000E+05   1.468000E+13   4.365622E+10   2.672000E-01
   1.919000E+05   1.465000E+13   4.363301E+10   2.674000E-01
   2.103000E+05   1.463000E+13   4.356338E+10   2.672000E-01
   2.287000E+05   1.460000E+13   4.348216E+10   2.672000E-01
   2.471000E+05   1.457000E+13   4.342413E+10   2.673000E-01
   2.655000E+05   1.453000E+13   4.336611E+10   2.674000E-01
   2.839000E+05   1.449000E+13   4.330809E+10   2.675000E-01
   3.023000E+05   1.445000E+13   4.326167E+10   2.676000E-01
   3.208000E+05   1.440000E+13   4.320365E+10   2.676000E-01
   3.392000E+05   1.436000E+13   4.315723E+10   2.677000E-01
   3.577000E+05   1.431000E+13   4.309921E+10   2.678000E-01
   3.762000E+05   1.426000E+13   4.304119E+10   2.678000E-01
   3.947000E+05   1.420000E+13   4.298316E+10   2.679000E-01
   4.132000E+05   1.415000E+13   4.292514E+10   2.680000E-01
   4.317000E+05   1.409000E+13   4.286711E+10   2.681000E-01
   4.503000E+05   1.403000E+13   4.280909E+10   2.681000E-01
   4.688000E+05   1.397000E+13   4.273947E+10   2.682000E-01
   4.874000E+05   1.390000E+13   4.268144E+10   2.683000E-01
   5.060000E+05   1.384000E+13   4.262342E+10   2.684000E-01
   5.246000E+05   1.377000E+13   4.255379E+10   2.685000E-01
   5.432000E+05   1.370000E+13   4.248417E+10   2.686000E-01
   5.618000E+05   1.362000E+13   4.242614E+10   2.687000E-01
   5.805000E+05   1.355000E+13   4.235652E+10   2.688000E-01
   5.991000E+05   1.348000E+13   4.227528E+10   2.689000E-01
   6.178000E+05   1.340000E+13   4.219405E+10   2.690000E-01
   6.365000E+05   1.332000E+13   4.211282E+10   2.691000E-01
   6.553000E+05   1.324000E+13   4.203159E+10   2.692000E-01
   6.740000E+05   1.315000E+13   4.193876E+10   2.693000E-01
   6.928000E+05   1.307000E+13   4.185752E+10   2.694000E-01
   7.115000E+05   1.298000E+13   4.176468E+10   2.696000E-01
   7.304000E+05   1.289000E+13   4.168346E+10   2.697000E-01
   7.492000E+05   1.280000E+13   4.159062E+10   2.698000E-01
   7.681000E+05   1.271000E+13   4.149778E+10   2.700000E-01
   7.870000E+05   1.262000E+13   4.141655E+10   2.701000E-01
   8.059000E+05   1.252000E+13   4.132372E+10   2.703000E-01
   8.248000E+05   1.243000E+13   4.123088E+10   2.705000E-01
   8.438000E+05   1.233000E+13   4.113804E+10   2.706000E-01
   8.628000E+05   1.223000E+13   4.104520E+10   2.708000E-01
   8.819000E+05   1.213000E+13   4.095237E+10   2.709000E-01
   9.010000E+05   1.203000E+13   4.085953E+10   2.711000E-01
   9.201000E+05   1.193000E+13   4.075509E+10   2.713000E-01
   9.392000E+05   1.182000E+13   4.065065E+10   2.715000E-01
   9.583999E+05   1.172000E+13   4.055781E+10   2.717000E-01
   9.777001E+05   1.161000E+13   4.046498E+10   2.718000E-01
   9.969000E+05   1.151000E+13   4.036054E+10   2.720000E-01
   1.016000E+06   1.140000E+13   4.026770E+10   2.722000E-01
   1.036000E+06   1.129000E+13   4.017487E+10   2.724000E-01
   1.055000E+06   1.118000E+13   4.008203E+10   2.726000E-01
   1.074000E+06   1.107000E+13   3.998919E+10   2.728000E-01
   1.094000E+06   1.096000E+13   3.987315E+10   2.730000E-01
   1.113000E+06   1.085000E+13   3.975710E+10   2.732000E-01
   1.133000E+06   1.074000E+13   3.965266E+10   2.734000E-01
   1.153000E+06   1.062000E+13   3.953662E+10   2.736000E-01
   1.172000E+06   1.051000E+13   3.942057E+10   2.738000E-01
   1.192000E+06   1.040000E+13   3.931613E+10   2.740000E-01
   1.212000E+06   1.028000E+13   3.921169E+10   2.742000E-01
   1.231000E+06   1.017000E+13   3.909564E+10   2.744000E-01
   1.251000E+06   1.005000E+13   3.899120E+10   2.746000E-01
   1.271000E+06   9.937000E+12   3.887516E+10   2.748000E-01
   1.291000E+06   9.821000E+12   3.875911E+10   2.750000E-01
   1.311000E+06   9.705000E+12   3.864307E+10   2.751000E-01
   1.331000E+06   9.588000E+12   3.852702E+10   2.753000E-01
   1.352000E+06   9.472000E+12   3.841098E+10   2.755000E-01
   1.372000E+06   9.355000E+12   3.829493E+10   2.756000E-01
   1.392000E+06   9.239000E+12   3.817889E+10   2.758000E-01
   1.412000E+06   9.122000E+12   3.806284E+10   2.760000E-01
   1.433000E+06   9.006000E+12   3.793519E+10   2.761000E-01
   1.453000E+06   8.888000E+12   3.781915E+10   2.763000E-01
   1.474000E+06   8.770000E+12   3.767989E+10   2.764000E-01
   1.494000E+06   8.653000E+12   3.754064E+10   2.766000E-01
   1.515000E+06   8.536000E+12   3.740138E+10   2.768000E-01
   1.536000E+06   8.419000E+12   3.726213E+10   2.769000E-01
   1.556000E+06   8.302000E+12   3.712288E+10   2.771000E-01
   1.577000E+06   8.185000E+12   3.698362E+10   2.773000E-01
   1.598000E+06   8.069000E+12   3.683276E+10   2.775000E-01
   1.619000E+06   7.953000E+12   3.668190E+10   2.776000E-01
   1.640000E+06   7.837000E+12   3.653104E+10   2.778000E-01
   1.661000E+06   7.720000E+12   3.639179E+10   2.781000E-01
   1.683000E+06   7.604000E+12   3.624093E+10   2.783000E-01
   1.704000E+06   7.489000E+12   3.610168E+10   2.785000E-01
   1.726000E+06   7.374000E+12   3.595082E+10   2.787000E-01
   1.747000E+06   7.260000E+12   3.581157E+10   2.790000E-01
   1.769000E+06   7.145000E+12   3.566071E+10   2.793000E-01
   1.791000E+06   7.031000E+12   3.549824E+10   2.796000E-01
   1.812000E+06   6.918000E+12   3.533578E+10   2.799000E-01
   1.834000E+06   6.806000E+12   3.518492E+10   2.802000E-01
   1.856000E+06   6.695000E+12   3.503406E+10   2.805000E-01
   1.878000E+06   6.584000E+12   3.488320E+10   2.808000E-01
   1.901000E+06   6.474000E+12   3.472074E+10   2.812000E-01
   1.923000E+06   6.364000E+12   3.456988E+10   2.815000E-01
   1.945000E+06   6.256000E+12   3.443063E+10   2.819000E-01
   1.968000E+06   6.149000E+12   3.429137E+10   2.822000E-01
   1.991000E+06   6.043000E+12   3.415212E+10   2.826000E-01
   2.013000E+06   5.938000E+12   3.400126E+10   2.829000E-01
   2.036000E+06   5.833000E+12   3.386200E+10   2.833000E-01
   2.059000E+06   5.729000E+12   3.372275E+10   2.837000E-01
   2.082000E+06   5.626000E+12   3.357189E+10   2.841000E-01
   2.105000E+06   5.525000E+12   3.343264E+10   2.844000E-01
   2.129000E+06   5.424000E+12   3.328178E+10   2.848000E-01
   2.152000E+06   5.325000E+12   3.313092E+10   2.851000E-01
   2.176000E+06   5.227000E+12   3.298006E+10   2.855000E-01
   2.199000E+06   5.130000E+12   3.284080E+10   2.858000E-01
   2.223000E+06   5.033000E+12   3.270155E+10   2.862000E-01
   2.247000E+06   4.938000E+12   3.255069E+10   2.866000E-01
   2.271000E+06   4.843000E+12   3.241144E+10   2.869000E-01
   2.295000E+06   4.750000E+12   3.226058E+10   2.873000E-01
   2.320000E+06   4.657000E+12   3.212132E+10   2.876000E-01
   2.344000E+06   4.566000E+12   3.198207E+10   2.879000E-01
   2.369000E+06   4.475000E+12   3.181961E+10   2.883000E-01
   2.394000E+06   4.385000E+12   3.165714E+10   2.887000E-01
   2.418000E+06   4.296000E+12   3.148308E+10   2.890000E-01
   2.443000E+06   4.208000E+12   3.133222E+10   2.894000E-01
   2.469000E+06   4.121000E+12   3.118136E+10   2.898000E-01
   2.494000E+06   4.034000E+12   3.101890E+10   2.902000E-01
   2.520000E+06   3.949000E+12   3.084483E+10   2.906000E-01
   2.545000E+06   3.865000E+12   3.068236E+10   2.910000E-01
   2.571000E+06   3.781000E+12   3.053151E+10   2.915000E-01
   2.597000E+06   3.699000E+12   3.038065E+10   2.920000E-01
   2.623000E+06   3.617000E+12   3.021818E+10   2.924000E-01
   2.650000E+06   3.537000E+12   3.005572E+10   2.929000E-01
   2.677000E+06   3.457000E+12   2.989326E+10   2.935000E-01
   2.703000E+06   3.379000E+12   2.973079E+10   2.940000E-01
   2.730000E+06   3.302000E+12   2.956833E+10   2.945000E-01
   2.757000E+06   3.226000E+12   2.939426E+10   2.951000E-01
   2.785000E+06   3.151000E+12   2.923180E+10   2.957000E-01
   2.812000E+06   3.077000E+12   2.908094E+10   2.963000E-01
   2.840000E+06   3.004000E+12   2.891848E+10   2.969000E-01
   2.868000E+06   2.933000E+12   2.875601E+10   2.976000E-01
   2.897000E+06   2.863000E+12   2.860515E+10   2.982000E-01
   2.925000E+06   2.794000E+12   2.844269E+10   2.989000E-01
   2.954000E+06   2.725000E+12   2.828023E+10   2.996000E-01
   2.983000E+06   2.658000E+12   2.810616E+10   3.004000E-01
   3.012000E+06   2.592000E+12   2.794370E+10   3.011000E-01
   3.041000E+06   2.527000E+12   2.776963E+10   3.019000E-01
   3.071000E+06   2.463000E+12   2.761877E+10   3.028000E-01
   3.101000E+06   2.400000E+12   2.744470E+10   3.036000E-01
   3.131000E+06   2.338000E+12   2.728224E+10   3.045000E-01
   3.161000E+06   2.277000E+12   2.713138E+10   3.054000E-01
   3.192000E+06   2.217000E+12   2.698052E+10   3.064000E-01
   3.223000E+06   2.158000E+12   2.679485E+10   3.074000E-01
   3.255000E+06   2.100000E+12   2.660918E+10   3.084000E-01
   3.286000E+06   2.043000E+12   2.643511E+10   3.095000E-01
   3.318000E+06   1.988000E+12   2.626104E+10   3.106000E-01
   3.350000E+06   1.933000E+12   2.607537E+10   3.117000E-01
   3.383000E+06   1.879000E+12   2.591291E+10   3.128000E-01
   3.416000E+06   1.826000E+12   2.575044E+10   3.140000E-01
   3.449000E+06   1.774000E+12   2.557637E+10   3.152000E-01
   3.483000E+06   1.723000E+12   2.540230E+10   3.164000E-01
   3.517000E+06   1.673000E+12   2.522824E+10   3.177000E-01
   3.551000E+06   1.624000E+12   2.505417E+10   3.189000E-01
   3.586000E+06   1.577000E+12   2.486850E+10   3.202000E-01
   3.621000E+06   1.530000E+12   2.469443E+10   3.215000E-01
   3.656000E+06   1.485000E+12   2.452036E+10   3.227000E-01
   3.692000E+06   1.441000E+12   2.434629E+10   3.240000E-01
   3.728000E+06   1.398000E+12   2.418383E+10   3.253000E-01
   3.765000E+06   1.356000E+12   2.402137E+10   3.266000E-01
   3.802000E+06   1.315000E+12   2.384730E+10   3.278000E-01
   3.839000E+06   1.275000E+12   2.367323E+10   3.291000E-01
   3.877000E+06   1.236000E+12   2.351077E+10   3.304000E-01
   3.915000E+06   1.199000E+12   2.333670E+10   3.316000E-01
   3.954000E+06   1.163000E+12   2.317424E+10   3.328000E-01
   3.993000E+06   1.127000E+12   2.301177E+10   3.341000E-01
   4.032000E+06   1.093000E+12   2.286091E+10   3.353000E-01
   4.072000E+06   1.060000E+12   2.269845E+10   3.365000E-01
   4.113000E+06   1.027000E+12   2.253599E+10   3.376000E-01
   4.153000E+06   9.959000E+11   2.238513E+10   3.388000E-01
   4.194000E+06   9.655000E+11   2.222267E+10   3.399000E-01
   4.236000E+06   9.360000E+11   2.207181E+10   3.411000E-01
   4.278000E+06   9.074000E+11   2.194416E+10   3.422000E-01
   4.320000E+06   8.798000E+11   2.180490E+10   3.433000E-01
   4.363000E+06   8.532000E+11   2.166565E+10   3.443000E-01
   4.406000E+06   8.274000E+11   2.152639E+10   3.454000E-01
   4.450000E+06   8.026000E+11   2.138714E+10   3.465000E-01
   4.494000E+06   7.785000E+11   2.123628E+10   3.475000E-01
   4.538000E+06   7.552000E+11   2.110863E+10   3.486000E-01
   4.583000E+06   7.328000E+11   2.098098E+10   3.496000E-01
   4.628000E+06   7.110000E+11   2.085333E+10   3.506000E-01
   4.674000E+06   6.898000E+11   2.073729E+10   3.515000E-01
   4.720000E+06   6.694000E+11   2.063285E+10   3.525000E-01
   4.766000E+06   6.497000E+11   2.051680E+10   3.534000E-01
   4.813000E+06   6.306000E+11   2.042396E+10   3.544000E-01
   4.860000E+06   6.122000E+11   2.031952E+10   3.553000E-01
   4.908000E+06   5.944000E+11   2.020348E+10   3.562000E-01
   4.956000E+06   5.773000E+11   2.008743E+10   3.571000E-01
   5.004000E+06   5.606000E+11   1.998299E+10   3.579000E-01
   5.053000E+06   5.446000E+11   1.987855E+10   3.588000E-01
   5.102000E+06   5.290000E+11   1.977411E+10   3.596000E-01
   5.151000E+06   5.139000E+11   1.966967E+10   3.604000E-01
   5.201000E+06   4.992000E+11   1.958844E+10   3.612000E-01
   5.251000E+06   4.851000E+11   1.948400E+10   3.620000E-01
   5.301000E+06   4.716000E+11   1.940277E+10   3.627000E-01
   5.352000E+06   4.583000E+11   1.932153E+10   3.634000E-01
   5.405000E+06   4.450000E+11   1.922870E+10   3.641000E-01
   5.460000E+06   4.316000E+11   1.913586E+10   3.648000E-01
   5.517000E+06   4.183000E+11   1.904303E+10   3.655000E-01
   5.575000E+06   4.051000E+11   1.896179E+10   3.663000E-01
   5.636000E+06   3.920000E+11   1.886896E+10   3.670000E-01
   5.699000E+06   3.790000E+11   1.877612E+10   3.678000E-01
   5.764000E+06   3.661000E+11   1.868329E+10   3.685000E-01
   5.831000E+06   3.534000E+11   1.859045E+10   3.693000E-01
   5.900000E+06   3.409000E+11   1.850922E+10   3.701000E-01
   5.971000E+06   3.285000E+11   1.841638E+10   3.709000E-01
   6.045000E+06   3.163000E+11   1.833515E+10   3.717000E-01
   6.122000E+06   3.042000E+11   1.825392E+10   3.726000E-01
   6.201000E+06   2.922000E+11   1.816108E+10   3.734000E-01
   6.282000E+06   2.805000E+11   1.806825E+10   3.743000E-01
   6.367000E+06   2.690000E+11   1.798701E+10   3.752000E-01
   6.454000E+06   2.577000E+11   1.789418E+10   3.761000E-01
   6.544000E+06   2.466000E+11   1.780134E+10   3.770000E-01
   6.637000E+06   2.358000E+11   1.770851E+10   3.779000E-01
   6.734000E+06   2.253000E+11   1.762727E+10   3.788000E-01
   6.833000E+06   2.150000E+11   1.754604E+10   3.798000E-01
   6.936000E+06   2.049000E+11   1.745321E+10   3.807000E-01
   7.043000E+06   1.951000E+11   1.736037E+10   3.817000E-01
   7.153000E+06   1.855000E+11   1.726753E+10   3.826000E-01
   7.267000E+06   1.762000E+11   1.717470E+10   3.836000E-01
   7.386000E+06   1.671000E+11   1.707026E+10   3.846000E-01
   7.508000E+06   1.584000E+11   1.695421E+10   3.857000E-01
   7.635000E+06   1.498000E+11   1.684977E+10   3.867000E-01
   7.766000E+06   1.416000E+11   1.674533E+10   3.878000E-01
   7.902000E+06   1.336000E+11   1.665249E+10   3.890000E-01
   8.043000E+06   1.258000E+11   1.654805E+10   3.902000E-01
   8.190000E+06   1.182000E+11   1.645522E+10   3.914000E-01
   8.342000E+06   1.109000E+11   1.635078E+10   3.927000E-01
   8.501000E+06   1.039000E+11   1.623473E+10   3.940000E-01
   8.665000E+06   9.719000E+10   1.610708E+10   3.953000E-01
   8.837000E+06   9.075000E+10   1.597943E+10   3.966000E-01
   9.015000E+06   8.459000E+10   1.584018E+10   3.978000E-01
   9.201000E+06   7.872000E+10   1.572413E+10   3.991000E-01
   9.395000E+06   7.311000E+10   1.560809E+10   4.003000E-01
   9.597000E+06   6.772000E+10   1.549204E+10   4.016000E-01
   9.808000E+06   6.260000E+10   1.537600E+10   4.028000E-01
   1.003000E+07   5.780000E+10   1.523674E+10   4.041000E-01
   1.026000E+07   5.327000E+10   1.507428E+10   4.054000E-01
   1.050000E+07   4.902000E+10   1.492342E+10   4.066000E-01
   1.075000E+07   4.503000E+10   1.478417E+10   4.078000E-01
   1.102000E+07   4.127000E+10   1.464491E+10   4.090000E-01
   1.129000E+07   3.773000E+10   1.449405E+10   4.102000E-01
   1.158000E+07   3.442000E+10   1.430838E+10   4.116000E-01
   1.188000E+07   3.134000E+10   1.414592E+10   4.131000E-01
   1.220000E+07   2.845000E+10   1.399506E+10   4.148000E-01
   1.253000E+07   2.572000E+10   1.384420E+10   4.166000E-01
   1.289000E+07   2.318000E+10   1.367013E+10   4.185000E-01
   1.326000E+07   2.085000E+10   1.346125E+10   4.204000E-01
   1.365000E+07   1.869000E+10   1.327558E+10   4.224000E-01
   1.406000E+07   1.676000E+10   1.310151E+10   4.245000E-01
   1.450000E+07   1.495000E+10   1.293905E+10   4.269000E-01
   1.495000E+07   1.320000E+10   1.312472E+10   4.275000E-01
   1.541000E+07   1.177000E+10   1.310151E+10   4.286000E-01
   1.589000E+07   1.053000E+10   1.290423E+10   4.313000E-01
   1.640000E+07   9.391000E+09   1.270696E+10   4.335000E-01
   1.694000E+07   8.355000E+09   1.252128E+10   4.356000E-01
   1.750000E+07   7.421000E+09   1.235882E+10   4.376000E-01
   1.810000E+07   6.562000E+09   1.216154E+10   4.396000E-01
   1.873000E+07   5.844000E+09   1.196427E+10   4.416000E-01
   1.939000E+07   5.191000E+09   1.179020E+10   4.434000E-01
   2.008000E+07   4.628000E+09   1.162773E+10   4.451000E-01
   2.080000E+07   4.081000E+09   1.142349E+10   4.468000E-01
   2.157000E+07   3.605000E+09   1.123550E+10   4.484000E-01
   2.237000E+07   3.180000E+09   1.106375E+10   4.499000E-01
   2.322000E+07   2.801000E+09   1.088620E+10   4.512000E-01
   2.410000E+07   2.494000E+09   1.070866E+10   4.526000E-01
   2.502000E+07   2.213000E+09   1.054503E+10   4.538000E-01
   2.599000E+07   1.942000E+09   1.037677E+10   4.550000E-01
   2.700000E+07   1.706000E+09   1.017137E+10   4.561000E-01
   2.807000E+07   1.500000E+09   9.993817E+09   4.572000E-01
   2.919000E+07   1.304000E+09   9.816268E+09   4.582000E-01
   3.038000E+07   1.127000E+09   9.596942E+09   4.592000E-01
   3.165000E+07   9.678000E+08   9.386900E+09   4.601000E-01
   3.299000E+07   8.419000E+08   9.202388E+09   4.611000E-01
   3.440000E+07   7.353000E+08   8.999309E+09   4.620000E-01
   3.587000E+07   6.493000E+08   8.838007E+09   4.629000E-01
   3.740000E+07   5.688000E+08   8.647692E+09   4.638000E-01
   3.899000E+07   5.040000E+08   8.475945E+09   4.646000E-01
   4.063000E+07   4.438000E+08   8.299556E+09   4.655000E-01
   4.234000E+07   3.928000E+08   8.112723E+09   4.663000E-01
   4.411000E+07   3.461000E+08   7.927051E+09   4.671000E-01
   4.594000E+07   3.049000E+08   7.743699E+09   4.678000E-01
   4.785000E+07   2.680000E+08   7.546423E+09   4.686000E-01
   4.984000E+07   2.352000E+08   7.352627E+09   4.692000E-01
   5.192000E+07   2.065000E+08   7.151868E+09   4.699000E-01
   5.407000E+07   1.823000E+08   6.973159E+09   4.705000E-01
   5.629000E+07   1.619000E+08   6.792129E+09   4.711000E-01
   5.858000E+07   1.433000E+08   6.620382E+09   4.716000E-01
   6.091000E+07   1.283000E+08   6.428907E+09   4.722000E-01
   6.324000E+07   1.205000E+08   5.819670E+09   4.731000E-01
   6.561000E+07   1.097000E+08   5.618911E+09   4.739000E-01
   6.805000E+07   9.604000E+07   5.439041E+09   4.746000E-01
   7.057000E+07   8.859000E+07   5.297466E+09   4.752000E-01
   7.322000E+07   7.346000E+07   5.232480E+09   4.849000E-01
   7.613000E+07   5.206000E+07   6.078450E+09   4.978000E-01
   7.929000E+07   4.490000E+07   5.819670E+09   4.979000E-01
   8.255000E+07   4.217000E+07   5.724512E+09   4.979000E-01
   8.586000E+07   3.781000E+07   5.572493E+09   4.979000E-01
   8.920000E+07   3.494000E+07   5.461090E+09   4.979000E-01
   9.260000E+07   3.183000E+07   5.334600E+09   4.979000E-01
   9.606000E+07   2.882000E+07   5.193025E+09   4.979000E-01
   9.957000E+07   2.664000E+07   5.102510E+09   4.980000E-01
   1.031000E+08   2.425000E+07   4.965576E+09   4.980000E-01
   1.066000E+08   2.288000E+07   4.897110E+09   4.980000E-01
   1.101000E+08   2.383000E+07   4.467742E+09   4.980000E-01
   1.134000E+08   2.283000E+07   4.356339E+09   4.980000E-01
   1.166000E+08   2.129000E+07   4.221726E+09   4.980000E-01
   1.198000E+08   2.022000E+07   4.139334E+09   4.980000E-01
   1.230000E+08   1.897000E+07   4.044177E+09   4.980000E-01
   1.262000E+08   1.788000E+07   3.958303E+09   4.980000E-01
   1.295000E+08   1.657000E+07   3.830654E+09   4.980000E-01
   1.328000E+08   1.546000E+07   3.720411E+09   4.980000E-01
   1.362000E+08   1.438000E+07   3.629895E+09   4.980000E-01
   1.396000E+08   1.329000E+07   3.531257E+09   4.980000E-01
   1.431000E+08   1.256000E+07   3.437260E+09   4.980000E-01
   1.466000E+08   1.160000E+07   3.323536E+09   4.980000E-01
   1.502000E+08   1.080000E+07   3.239983E+09   4.980000E-01
   1.538000E+08   8.851000E+06   3.332820E+09   5.000000E-01
   1.575000E+08   6.112000E+06   3.697202E+09   5.000000E-01
   1.613000E+08   4.526000E+06   3.802803E+09   5.000000E-01
   1.651000E+08   4.379000E+06   3.747101E+09   5.000000E-01
   1.691000E+08   4.174000E+06   3.689079E+09   5.000000E-01
   1.731000E+08   4.023000E+06   3.648463E+09   5.000000E-01
   1.772000E+08   3.818000E+06   3.595082E+09   5.000000E-01
   1.813000E+08   3.640000E+06   3.548664E+09   5.000000E-01
   1.856000E+08   3.460000E+06   3.489481E+09   5.000000E-01
   1.899000E+08   3.357000E+06   3.456988E+09   5.000000E-01
   1.943000E+08   3.235000E+06   3.382719E+09   5.000000E-01
   1.987000E+08   3.140000E+06   3.346745E+09   5.000000E-01
   2.032000E+08   3.004000E+06   3.294525E+09   5.000000E-01
   2.077000E+08   2.957000E+06   3.274797E+09   5.000000E-01
   2.123000E+08   2.875000E+06   3.245786E+09   5.000000E-01
   2.169000E+08   2.782000E+06   3.214454E+09   5.000000E-01
   2.216000E+08   2.564000E+06   3.129740E+09   5.000000E-01
   2.266000E+08   2.458000E+06   3.084483E+09   5.000000E-01
   2.317000E+08   2.257000E+06   2.996288E+09   5.000000E-01
   2.371000E+08   2.139000E+06   2.941747E+09   5.000000E-01
   2.427000E+08   2.023000E+06   2.887206E+09   5.000000E-01
   2.484000E+08   1.937000E+06   2.846590E+09   5.000000E-01
   2.542000E+08   1.838000E+06   2.801332E+09   5.000000E-01
   2.602000E+08   1.758000E+06   2.759556E+09   5.000000E-01
   2.663000E+08   1.677000E+06   2.714298E+09   5.000000E-01
   2.725000E+08   1.604000E+06   2.674843E+09   5.000000E-01
   2.789000E+08   1.525000E+06   2.629585E+09   5.000000E-01
   2.855000E+08   1.455000E+06   2.587809E+09   5.000000E-01
   2.922000E+08   1.387000E+06   2.547193E+09   5.000000E-01
   2.991000E+08   1.320000E+06   2.508898E+09   5.000000E-01
   3.062000E+08   1.250000E+06   2.463641E+09   5.000000E-01
   3.134000E+08   1.191000E+06   2.423025E+09   5.000000E-01
   3.208000E+08   1.133000E+06   2.383569E+09   5.000000E-01
   3.285000E+08   1.078000E+06   2.344114E+09   5.000000E-01
   3.363000E+08   1.027000E+06   2.306980E+09   5.000000E-01
   3.443000E+08   9.780000E+05   2.268685E+09   5.000000E-01
   3.525000E+08   9.333000E+05   2.236192E+09   5.000000E-01
   3.609000E+08   8.849000E+05   2.196737E+09   5.000000E-01
   3.696000E+08   8.404000E+05   2.158442E+09   5.000000E-01
   3.785000E+08   7.954000E+05   2.118986E+09   5.000000E-01
   3.876000E+08   7.564000E+05   2.083012E+09   5.000000E-01
   3.970000E+08   7.205000E+05   2.049359E+09   5.000000E-01
   4.066000E+08   6.853000E+05   2.014546E+09   5.000000E-01
   4.164000E+08   6.502000E+05   1.980892E+09   5.000000E-01
   4.266000E+08   6.152000E+05   1.943758E+09   5.000000E-01
   4.370000E+08   5.839000E+05   1.910105E+09   5.000000E-01
   4.477000E+08   5.540000E+05   1.876452E+09   5.000000E-01
   4.586000E+08   5.256000E+05   1.842799E+09   5.000000E-01
   4.699000E+08   4.985000E+05   1.810306E+09   5.000000E-01
   4.815000E+08   4.725000E+05   1.777813E+09   5.000000E-01
   4.934000E+08   4.466000E+05   1.744160E+09   5.000000E-01
   5.056000E+08   4.229000E+05   1.711667E+09   5.000000E-01
   5.182000E+08   4.007000E+05   1.679175E+09   5.000000E-01
   5.312000E+08   3.791000E+05   1.647843E+09   5.000000E-01
   5.445000E+08   3.588000E+05   1.616510E+09   5.000000E-01
   5.581000E+08   3.391000E+05   1.585178E+09   5.000000E-01
   5.722000E+08   3.205000E+05   1.555006E+09   5.000000E-01
   5.867000E+08   3.020000E+05   1.522514E+09   5.000000E-01
   6.016000E+08   2.853000E+05   1.492342E+09   5.000000E-01
   6.169000E+08   2.690000E+05   1.462170E+09   5.000000E-01
   6.327000E+08   2.540000E+05   1.431998E+09   5.000000E-01
   6.489000E+08   2.376000E+05   1.393703E+09   5.000000E-01
   6.656000E+08   2.236000E+05   1.365853E+09   5.000000E-01
   6.827000E+08   2.101000E+05   1.338002E+09   5.000000E-01
   7.004000E+08   1.977000E+05   1.311311E+09   5.000000E-01
   7.186000E+08   1.856000E+05   1.283460E+09   5.000000E-01
   7.373000E+08   1.750000E+05   1.257930E+09   5.000000E-01
   7.566000E+08   1.639000E+05   1.230080E+09   5.000000E-01
   7.765000E+08   1.538000E+05   1.202229E+09   5.000000E-01
   7.970000E+08   1.444000E+05   1.176699E+09   5.000000E-01
   8.181000E+08   1.358000E+05   1.150937E+09   5.000000E-01
   8.398000E+08   1.278000E+05   1.126335E+09   5.000000E-01
   8.622000E+08   1.195000E+05   1.099877E+09   5.000000E-01
   8.852000E+08   1.116000E+05   1.073070E+09   5.000000E-01
   9.090000E+08   1.048000E+05   1.048701E+09   5.000000E-01
   9.334000E+08   9.898000E+04   1.027000E+09   5.000000E-01
   9.590000E+08   9.763000E+04   1.013539E+09   5.000000E-01
   9.862000E+08   8.950000E+04   1.013771E+09   5.000000E-01
