# VX_G15/datafileVX-G15h+010.txt from Rampp & Janka (2002)
number of variables = 3
number of lines = 400
dens
temp
ye  
   1.167000E+04   3.822000E+14   1.493502E+11   2.660000E-01
   3.500000E+04   3.788000E+14   1.577055E+11   2.775000E-01
   5.833000E+04   3.787000E+14   1.550365E+11   2.784000E-01
   9.272000E+04   3.772000E+14   1.538760E+11   2.774000E-01
   1.302000E+05   3.750000E+14   1.520193E+11   2.774000E-01
   1.545000E+05   3.730000E+14   1.513230E+11   2.776000E-01
   1.703000E+05   3.717000E+14   1.507428E+11   2.775000E-01
   1.806000E+05   3.707000E+14   1.505107E+11   2.775000E-01
   1.872000E+05   3.700000E+14   1.502786E+11   2.775000E-01
   1.925000E+05   3.695000E+14   1.500465E+11   2.774000E-01
   1.980000E+05   3.689000E+14   1.499305E+11   2.774000E-01
   2.036000E+05   3.683000E+14   1.496984E+11   2.774000E-01
   2.094000E+05   3.676000E+14   1.494663E+11   2.773000E-01
   2.153000E+05   3.669000E+14   1.493502E+11   2.773000E-01
   2.214000E+05   3.662000E+14   1.491182E+11   2.773000E-01
   2.277000E+05   3.654000E+14   1.487700E+11   2.772000E-01
   2.342000E+05   3.646000E+14   1.485379E+11   2.772000E-01
   2.408000E+05   3.637000E+14   1.481898E+11   2.771000E-01
   2.476000E+05   3.628000E+14   1.479577E+11   2.771000E-01
   2.547000E+05   3.618000E+14   1.476096E+11   2.770000E-01
   2.619000E+05   3.608000E+14   1.472614E+11   2.769000E-01
   2.693000E+05   3.597000E+14   1.469133E+11   2.769000E-01
   2.770000E+05   3.586000E+14   1.465652E+11   2.768000E-01
   2.848000E+05   3.574000E+14   1.461010E+11   2.767000E-01
   2.929000E+05   3.561000E+14   1.456368E+11   2.767000E-01
   3.012000E+05   3.548000E+14   1.451726E+11   2.766000E-01
   3.098000E+05   3.534000E+14   1.445924E+11   2.765000E-01
   3.186000E+05   3.520000E+14   1.438961E+11   2.763000E-01
   3.276000E+05   3.504000E+14   1.429678E+11   2.762000E-01
   3.369000E+05   3.488000E+14   1.420394E+11   2.761000E-01
   3.465000E+05   3.471000E+14   1.413431E+11   2.759000E-01
   3.563000E+05   3.452000E+14   1.408789E+11   2.758000E-01
   3.664000E+05   3.431000E+14   1.406468E+11   2.757000E-01
   3.768000E+05   3.409000E+14   1.405308E+11   2.757000E-01
   3.875000E+05   3.386000E+14   1.402987E+11   2.756000E-01
   3.985000E+05   3.361000E+14   1.399506E+11   2.754000E-01
   4.098000E+05   3.336000E+14   1.394864E+11   2.753000E-01
   4.214000E+05   3.308000E+14   1.390222E+11   2.752000E-01
   4.334000E+05   3.280000E+14   1.383259E+11   2.751000E-01
   4.457000E+05   3.250000E+14   1.376297E+11   2.749000E-01
   4.583000E+05   3.218000E+14   1.368174E+11   2.748000E-01
   4.713000E+05   3.184000E+14   1.360050E+11   2.747000E-01
   4.847000E+05   3.149000E+14   1.351927E+11   2.745000E-01
   4.984000E+05   3.112000E+14   1.343804E+11   2.744000E-01
   5.126000E+05   3.072000E+14   1.335681E+11   2.742000E-01
   5.271000E+05   3.030000E+14   1.326397E+11   2.740000E-01
   5.421000E+05   2.986000E+14   1.318274E+11   2.739000E-01
   5.575000E+05   2.940000E+14   1.305509E+11   2.737000E-01
   5.733000E+05   2.890000E+14   1.293905E+11   2.736000E-01
   5.896000E+05   2.836000E+14   1.288102E+11   2.735000E-01
   6.063000E+05   2.781000E+14   1.277658E+11   2.734000E-01
   6.235000E+05   2.721000E+14   1.273016E+11   2.733000E-01
   6.412000E+05   2.658000E+14   1.260251E+11   2.732000E-01
   6.594000E+05   2.594000E+14   1.242845E+11   2.731000E-01
   6.781000E+05   2.528000E+14   1.223117E+11   2.727000E-01
   6.973000E+05   2.452000E+14   1.220796E+11   2.729000E-01
   7.171000E+05   2.378000E+14   1.196427E+11   2.726000E-01
   7.375000E+05   2.294000E+14   1.190624E+11   2.727000E-01
   7.584000E+05   2.212000E+14   1.168576E+11   2.724000E-01
   7.799000E+05   2.114000E+14   1.169736E+11   2.725000E-01
   8.021000E+05   2.013000E+14   1.174378E+11   2.727000E-01
   8.248000E+05   1.906000E+14   1.174378E+11   2.725000E-01
   8.482001E+05   1.784000E+14   1.202229E+11   2.728000E-01
   8.722999E+05   1.663000E+14   1.214994E+11   2.726000E-01
   8.970000E+05   1.534000E+14   1.238203E+11   2.717000E-01
   9.225001E+05   1.389000E+14   1.281140E+11   2.726000E-01
   9.487001E+05   1.250000E+14   1.310151E+11   2.725000E-01
   9.755999E+05   1.099000E+14   1.355409E+11   2.742000E-01
   1.003000E+06   9.467000E+13   1.404148E+11   2.776000E-01
   1.032000E+06   8.039000E+13   1.462170E+11   2.808000E-01
   1.061000E+06   6.736000E+13   1.521353E+11   2.858000E-01
   1.091000E+06   5.667000E+13   1.568932E+11   2.908000E-01
   1.122000E+06   4.876000E+13   1.599103E+11   2.917000E-01
   1.154000E+06   4.249000E+13   1.619992E+11   2.903000E-01
   1.187000E+06   3.713000E+13   1.636238E+11   2.889000E-01
   1.220000E+06   3.254000E+13   1.649003E+11   2.877000E-01
   1.255000E+06   2.852000E+13   1.660608E+11   2.875000E-01
   1.291000E+06   2.508000E+13   1.668731E+11   2.876000E-01
   1.327000E+06   2.213000E+13   1.674533E+11   2.880000E-01
   1.365000E+06   1.962000E+13   1.678014E+11   2.885000E-01
   1.404000E+06   1.746000E+13   1.676854E+11   2.893000E-01
   1.443000E+06   1.560000E+13   1.673372E+11   2.902000E-01
   1.484000E+06   1.400000E+13   1.666410E+11   2.911000E-01
   1.527000E+06   1.261000E+13   1.655966E+11   2.922000E-01
   1.570000E+06   1.141000E+13   1.643201E+11   2.932000E-01
   1.614000E+06   1.036000E+13   1.626954E+11   2.941000E-01
   1.660000E+06   9.444000E+12   1.608387E+11   2.949000E-01
   1.707000E+06   8.641000E+12   1.586339E+11   2.953000E-01
   1.756000E+06   7.934000E+12   1.561969E+11   2.954000E-01
   1.805000E+06   7.306000E+12   1.536439E+11   2.950000E-01
   1.857000E+06   6.747000E+12   1.508588E+11   2.942000E-01
   1.909000E+06   6.248000E+12   1.480737E+11   2.928000E-01
   1.964000E+06   5.798000E+12   1.451726E+11   2.908000E-01
   2.019000E+06   5.389000E+12   1.421554E+11   2.885000E-01
   2.077000E+06   5.017000E+12   1.391383E+11   2.854000E-01
   2.136000E+06   4.674000E+12   1.361211E+11   2.819000E-01
   2.196000E+06   4.358000E+12   1.331039E+11   2.781000E-01
   2.259000E+06   4.064000E+12   1.302028E+11   2.738000E-01
   2.323000E+06   3.788000E+12   1.274177E+11   2.693000E-01
   2.389000E+06   3.531000E+12   1.246326E+11   2.645000E-01
   2.456000E+06   3.289000E+12   1.219636E+11   2.595000E-01
   2.526000E+06   3.062000E+12   1.194106E+11   2.544000E-01
   2.598000E+06   2.849000E+12   1.168576E+11   2.492000E-01
   2.671000E+06   2.647000E+12   1.143858E+11   2.441000E-01
   2.747000E+06   2.457000E+12   1.119837E+11   2.391000E-01
   2.825000E+06   2.278000E+12   1.096744E+11   2.341000E-01
   2.905000E+06   2.109000E+12   1.073767E+11   2.295000E-01
   2.988000E+06   1.951000E+12   1.051370E+11   2.250000E-01
   3.073000E+06   1.802000E+12   1.029670E+11   2.207000E-01
   3.160000E+06   1.663000E+12   1.008085E+11   2.169000E-01
   3.249000E+06   1.533000E+12   9.870809E+10   2.131000E-01
   3.341000E+06   1.412000E+12   9.663087E+10   2.098000E-01
   3.436000E+06   1.299000E+12   9.456528E+10   2.067000E-01
   3.534000E+06   1.194000E+12   9.256930E+10   2.038000E-01
   3.634000E+06   1.097000E+12   9.055011E+10   2.012000E-01
   3.737000E+06   1.008000E+12   8.855413E+10   1.986000E-01
   3.843000E+06   9.258000E+11   8.659296E+10   1.962000E-01
   3.952000E+06   8.507000E+11   8.459699E+10   1.940000E-01
   4.065000E+06   7.816000E+11   8.262422E+10   1.917000E-01
   4.180000E+06   7.179000E+11   8.060503E+10   1.895000E-01
   4.298000E+06   6.595000E+11   7.860906E+10   1.873000E-01
   4.420000E+06   6.054000E+11   7.657826E+10   1.852000E-01
   4.546000E+06   5.562000E+11   7.453586E+10   1.829000E-01
   4.675000E+06   5.105000E+11   7.245866E+10   1.808000E-01
   4.808000E+06   4.691000E+11   7.034663E+10   1.783000E-01
   4.944000E+06   4.311000E+11   6.822300E+10   1.758000E-01
   5.084000E+06   3.971000E+11   6.606456E+10   1.728000E-01
   5.228000E+06   3.658000E+11   6.385970E+10   1.698000E-01
   5.377000E+06   3.374000E+11   6.151559E+10   1.662000E-01
   5.529000E+06   3.116000E+11   5.910184E+10   1.620000E-01
   5.686000E+06   2.883000E+11   5.646762E+10   1.572000E-01
   5.848000E+06   2.672000E+11   5.356649E+10   1.518000E-01
   6.014000E+06   2.495000E+11   5.029401E+10   1.454000E-01
   6.184000E+06   2.343000E+11   4.655736E+10   1.388000E-01
   6.360000E+06   2.204000E+11   4.265823E+10   1.333000E-01
   6.540000E+06   2.054000E+11   3.882874E+10   1.314000E-01
   6.726000E+06   1.832000E+11   3.606687E+10   1.346000E-01
   6.917000E+06   1.592000E+11   3.381559E+10   1.420000E-01
   7.113000E+06   1.349000E+11   3.208651E+10   1.535000E-01
   7.315000E+06   1.135000E+11   3.089125E+10   1.668000E-01
   7.522000E+06   9.370000E+10   2.964956E+10   1.872000E-01
   7.736000E+06   7.697000E+10   2.852392E+10   2.135000E-01
   7.955000E+06   6.085000E+10   2.732866E+10   2.670000E-01
   8.181000E+06   4.790000E+10   2.498454E+10   3.448000E-01
   8.413000E+06   3.496000E+10   2.219946E+10   4.239000E-01
   8.652000E+06   1.654000E+10   1.936795E+10   4.618000E-01
   8.897000E+06   5.915000E+09   1.445924E+10   4.652000E-01
   9.150000E+06   4.550000E+09   1.238203E+10   4.638000E-01
   9.409000E+06   4.247000E+09   1.194106E+10   4.636000E-01
   9.676000E+06   4.068000E+09   1.191785E+10   4.635000E-01
   9.951000E+06   3.880000E+09   1.181341E+10   4.634000E-01
   1.023000E+07   3.764000E+09   1.175538E+10   4.632000E-01
   1.052000E+07   3.560000E+09   1.166255E+10   4.632000E-01
   1.082000E+07   3.458000E+09   1.162773E+10   4.631000E-01
   1.113000E+07   3.262000E+09   1.149660E+10   4.631000E-01
   1.145000E+07   3.165000E+09   1.143974E+10   4.630000E-01
   1.177000E+07   2.959000E+09   1.131441E+10   4.630000E-01
   1.210000E+07   2.840000E+09   1.125523E+10   4.630000E-01
   1.245000E+07   2.646000E+09   1.113802E+10   4.630000E-01
   1.280000E+07   2.565000E+09   1.109161E+10   4.630000E-01
   1.316000E+07   2.417000E+09   1.100457E+10   4.630000E-01
   1.354000E+07   2.360000E+09   1.097208E+10   4.630000E-01
   1.392000E+07   2.243000E+09   1.087692E+10   4.631000E-01
   1.432000E+07   2.171000E+09   1.082238E+10   4.632000E-01
   1.472000E+07   2.067000E+09   1.073419E+10   4.632000E-01
   1.514000E+07   1.989000E+09   1.067848E+10   4.632000E-01
   1.557000E+07   1.838000E+09   1.054619E+10   4.633000E-01
   1.601000E+07   1.778000E+09   1.049165E+10   4.633000E-01
   1.647000E+07   1.654000E+09   1.040694E+10   4.634000E-01
   1.693000E+07   1.574000E+09   1.031178E+10   4.636000E-01
   1.741000E+07   1.531000E+09   1.026768E+10   4.637000E-01
   1.791000E+07   1.448000E+09   1.017485E+10   4.639000E-01
   1.842000E+07   1.396000E+09   1.012263E+10   4.640000E-01
   1.894000E+07   1.288000E+09   1.000078E+10   4.640000E-01
   1.948000E+07   1.222000E+09   9.929992E+09   4.642000E-01
   2.003000E+07   1.132000E+09   9.820910E+09   4.644000E-01
   2.060000E+07   1.088000E+09   9.759406E+09   4.645000E-01
   2.118000E+07   1.006000E+09   9.632916E+09   4.647000E-01
   2.178000E+07   9.778000E+08   9.585337E+09   4.648000E-01
   2.240000E+07   9.154000E+08   9.482058E+09   4.650000E-01
   2.304000E+07   8.697000E+08   9.406628E+09   4.652000E-01
   2.369000E+07   8.329000E+08   9.352087E+09   4.654000E-01
   2.436000E+07   7.656000E+08   9.229079E+09   4.656000E-01
   2.505000E+07   7.382000E+08   9.172217E+09   4.657000E-01
   2.576000E+07   6.910000E+08   9.063134E+09   4.660000E-01
   2.650000E+07   6.618000E+08   8.996989E+09   4.662000E-01
   2.725000E+07   6.017000E+08   8.855414E+09   4.664000E-01
   2.802000E+07   5.832000E+08   8.808995E+09   4.667000E-01
   2.882000E+07   5.596000E+08   8.757935E+09   4.669000E-01
   2.963000E+07   5.223000E+08   8.643049E+09   4.671000E-01
   3.048000E+07   4.866000E+08   8.530486E+09   4.674000E-01
   3.134000E+07   4.624000E+08   8.448094E+09   4.677000E-01
   3.223000E+07   4.351000E+08   8.369183E+09   4.679000E-01
   3.314000E+07   4.093000E+08   8.274026E+09   4.681000E-01
   3.408000E+07   3.873000E+08   8.183511E+09   4.685000E-01
   3.505000E+07   3.674000E+08   8.096477E+09   4.686000E-01
   3.604000E+07   3.384000E+08   7.965346E+09   4.690000E-01
   3.707000E+07   3.230000E+08   7.901521E+09   4.692000E-01
   3.812000E+07   2.959000E+08   7.763428E+09   4.695000E-01
   3.919000E+07   2.840000E+08   7.696121E+09   4.697000E-01
   4.028000E+07   2.599000E+08   7.545262E+09   4.700000E-01
   4.138000E+07   2.484000E+08   7.476795E+09   4.702000E-01
   4.249000E+07   2.268000E+08   7.330578E+09   4.705000E-01
   4.362000E+07   2.179000E+08   7.267914E+09   4.707000E-01
   4.476000E+07   2.006000E+08   7.142585E+09   4.710000E-01
   4.592000E+07   1.926000E+08   7.084562E+09   4.712000E-01
   4.709000E+07   1.783000E+08   6.960394E+09   4.714000E-01
   4.828000E+07   1.719000E+08   6.853633E+09   4.717000E-01
   4.948000E+07   1.609000E+08   6.692329E+09   4.720000E-01
   5.069000E+07   1.554000E+08   6.547273E+09   4.723000E-01
   5.192000E+07   1.462000E+08   6.336071E+09   4.727000E-01
   5.317000E+07   1.428000E+08   6.171286E+09   4.732000E-01
   5.443000E+07   1.358000E+08   5.991416E+09   4.736000E-01
   5.571000E+07   1.288000E+08   5.837076E+09   4.739000E-01
   5.700000E+07   1.219000E+08   5.776733E+09   4.741000E-01
   5.831000E+07   1.118000E+08   5.722191E+09   4.744000E-01
   5.963000E+07   1.036000E+08   5.672292E+09   4.748000E-01
   6.098000E+07   9.495000E+07   5.635158E+09   4.759000E-01
   6.233000E+07   8.916000E+07   5.603825E+09   4.784000E-01
   6.371000E+07   8.447000E+07   5.456447E+09   4.831000E-01
   6.510000E+07   8.107000E+07   5.138484E+09   4.894000E-01
   6.651000E+07   7.838000E+07   4.955132E+09   4.942000E-01
   6.794000E+07   6.390000E+07   5.225518E+09   4.957000E-01
   6.939000E+07   4.842000E+07   6.099339E+09   4.961000E-01
   7.085000E+07   4.638000E+07   6.038995E+09   4.972000E-01
   7.233000E+07   4.601000E+07   5.885815E+09   4.979000E-01
   7.383000E+07   4.570000E+07   5.888136E+09   4.979000E-01
   7.535000E+07   4.597000E+07   5.919469E+09   4.979000E-01
   7.689000E+07   4.204000E+07   5.754684E+09   4.979000E-01
   7.845000E+07   4.045000E+07   5.693180E+09   4.979000E-01
   8.003000E+07   3.744000E+07   5.615430E+09   4.979000E-01
   8.162000E+07   3.660000E+07   5.580616E+09   4.979000E-01
   8.324000E+07   3.521000E+07   5.459929E+09   4.979000E-01
   8.488000E+07   3.354000E+07   5.494743E+09   4.979000E-01
   8.654000E+07   3.299000E+07   5.336921E+09   4.979000E-01
   8.821000E+07   3.120000E+07   5.375216E+09   4.979000E-01
   8.991000E+07   3.000000E+07   5.247566E+09   4.979000E-01
   9.163000E+07   2.869000E+07   5.222036E+09   4.980000E-01
   9.338000E+07   2.764000E+07   5.164014E+09   4.980000E-01
   9.514000E+07   2.695000E+07   5.140805E+09   4.980000E-01
   9.692000E+07   2.598000E+07   5.087424E+09   4.980000E-01
   9.873000E+07   2.497000E+07   5.041006E+09   4.980000E-01
   1.006000E+08   2.367000E+07   4.978341E+09   4.980000E-01
   1.024000E+08   2.266000E+07   4.947009E+09   4.980000E-01
   1.043000E+08   2.166000E+07   4.894789E+09   4.980000E-01
   1.062000E+08   2.112000E+07   4.841408E+09   4.980000E-01
   1.081000E+08   2.358000E+07   4.915677E+09   4.980000E-01
   1.101000E+08   2.389000E+07   4.191555E+09   4.980000E-01
   1.120000E+08   2.146000E+07   4.331969E+09   4.980000E-01
   1.140000E+08   2.078000E+07   4.095237E+09   4.980000E-01
   1.161000E+08   1.957000E+07   4.167185E+09   4.980000E-01
   1.181000E+08   1.928000E+07   4.023289E+09   4.980000E-01
   1.202000E+08   1.848000E+07   4.026770E+09   4.980000E-01
   1.223000E+08   1.756000E+07   3.926971E+09   4.980000E-01
   1.244000E+08   1.707000E+07   3.884034E+09   4.980000E-01
   1.266000E+08   1.645000E+07   3.817889E+09   4.980000E-01
   1.287000E+08   1.573000E+07   3.749422E+09   4.980000E-01
   1.309000E+08   1.491000E+07   3.673992E+09   4.980000E-01
   1.332000E+08   1.430000E+07   3.624093E+09   4.980000E-01
   1.354000E+08   1.366000E+07   3.568391E+09   4.980000E-01
   1.377000E+08   1.302000E+07   3.503406E+09   4.980000E-01
   1.400000E+08   1.237000E+07   3.421014E+09   4.980000E-01
   1.424000E+08   1.186000E+07   3.347906E+09   4.980000E-01
   1.448000E+08   1.157000E+07   3.294525E+09   4.980000E-01
   1.472000E+08   1.116000E+07   3.234181E+09   4.981000E-01
   1.496000E+08   9.921000E+06   3.342103E+09   4.990000E-01
   1.521000E+08   7.610000E+06   3.585798E+09   5.000000E-01
   1.546000E+08   6.226000E+06   3.716930E+09   5.001000E-01
   1.571000E+08   5.256000E+06   3.803963E+09   5.000000E-01
   1.596000E+08   4.537000E+06   3.828333E+09   5.000000E-01
   1.622000E+08   4.425000E+06   3.759866E+09   5.000000E-01
   1.649000E+08   4.308000E+06   3.722732E+09   5.000000E-01
   1.675000E+08   4.145000E+06   3.683276E+09   5.000000E-01
   1.702000E+08   4.033000E+06   3.650783E+09   5.000000E-01
   1.729000E+08   3.896000E+06   3.614810E+09   5.000000E-01
   1.757000E+08   3.806000E+06   3.591601E+09   5.000000E-01
   1.785000E+08   3.684000E+06   3.560268E+09   5.000000E-01
   1.813000E+08   3.582000E+06   3.530096E+09   5.000000E-01
   1.842000E+08   3.470000E+06   3.492962E+09   5.000000E-01
   1.871000E+08   3.337000E+06   3.452346E+09   5.000000E-01
   1.900000E+08   3.266000E+06   3.411730E+09   5.000000E-01
   1.930000E+08   3.248000E+06   3.387361E+09   5.000000E-01
   1.960000E+08   3.144000E+06   3.349066E+09   5.000000E-01
   1.990000E+08   3.075000E+06   3.322376E+09   5.000000E-01
   2.021000E+08   2.998000E+06   3.292204E+09   5.000000E-01
   2.052000E+08   2.922000E+06   3.263192E+09   5.000000E-01
   2.084000E+08   2.827000E+06   3.229539E+09   5.000000E-01
   2.116000E+08   2.784000E+06   3.214454E+09   5.000000E-01
   2.148000E+08   2.721000E+06   3.192405E+09   5.000000E-01
   2.181000E+08   2.699000E+06   3.185442E+09   5.000000E-01
   2.215000E+08   2.632000E+06   3.157591E+09   5.000000E-01
   2.248000E+08   2.526000E+06   3.113494E+09   5.000000E-01
   2.282000E+08   2.404000E+06   3.060113E+09   5.000000E-01
   2.317000E+08   2.328000E+06   3.025299E+09   5.000000E-01
   2.352000E+08   2.209000E+06   2.971919E+09   5.000000E-01
   2.387000E+08   2.108000E+06   2.925501E+09   5.000000E-01
   2.423000E+08   2.026000E+06   2.888366E+09   5.000000E-01
   2.459000E+08   1.963000E+06   2.859355E+09   5.000000E-01
   2.496000E+08   1.893000E+06   2.826862E+09   5.000000E-01
   2.533000E+08   1.841000E+06   2.803653E+09   5.000000E-01
   2.571000E+08   1.787000E+06   2.774642E+09   5.000000E-01
   2.609000E+08   1.730000E+06   2.744470E+09   5.000000E-01
   2.647000E+08   1.683000E+06   2.718940E+09   5.000000E-01
   2.686000E+08   1.638000E+06   2.693410E+09   5.000000E-01
   2.726000E+08   1.589000E+06   2.666720E+09   5.000000E-01
   2.766000E+08   1.544000E+06   2.640029E+09   5.000000E-01
   2.806000E+08   1.501000E+06   2.614500E+09   5.000000E-01
   2.848000E+08   1.456000E+06   2.587809E+09   5.000000E-01
   2.889000E+08   1.414000E+06   2.562279E+09   5.000000E-01
   2.931000E+08   1.372000E+06   2.539070E+09   5.000000E-01
   2.974000E+08   1.329000E+06   2.514701E+09   5.000000E-01
   3.017000E+08   1.285000E+06   2.486850E+09   5.000000E-01
   3.060000E+08   1.246000E+06   2.461320E+09   5.000000E-01
   3.105000E+08   1.208000E+06   2.435790E+09   5.000000E-01
   3.150000E+08   1.170000E+06   2.409099E+09   5.000000E-01
   3.195000E+08   1.136000E+06   2.385890E+09   5.000000E-01
   3.241000E+08   1.105000E+06   2.363842E+09   5.000000E-01
   3.287000E+08   1.073000E+06   2.340633E+09   5.000000E-01
   3.334000E+08   1.042000E+06   2.317424E+09   5.000000E-01
   3.382000E+08   1.012000E+06   2.295375E+09   5.000000E-01
   3.430000E+08   9.833000E+05   2.272166E+09   5.000000E-01
   3.479000E+08   9.559000E+05   2.252438E+09   5.000000E-01
   3.528000E+08   9.267000E+05   2.230390E+09   5.000000E-01
   3.578000E+08   8.981000E+05   2.207181E+09   5.000000E-01
   3.629000E+08   8.720000E+05   2.185132E+09   5.000000E-01
   3.680000E+08   8.454000E+05   2.163084E+09   5.000000E-01
   3.732000E+08   8.183000E+05   2.138714E+09   5.000000E-01
   3.785000E+08   7.933000E+05   2.117826E+09   5.000000E-01
   3.838000E+08   7.698000E+05   2.095777E+09   5.000000E-01
   3.892000E+08   7.476000E+05   2.074889E+09   5.000000E-01
   3.947000E+08   7.266000E+05   2.055161E+09   5.000000E-01
   4.002000E+08   7.060000E+05   2.035434E+09   5.000000E-01
   4.058000E+08   6.865000E+05   2.015706E+09   5.000000E-01
   4.115000E+08   6.667000E+05   1.998299E+09   5.000000E-01
   4.172000E+08   6.463000E+05   1.977411E+09   5.000000E-01
   4.230000E+08   6.258000E+05   1.955363E+09   5.000000E-01
   4.289000E+08   6.069000E+05   1.935635E+09   5.000000E-01
   4.349000E+08   5.887000E+05   1.915907E+09   5.000000E-01
   4.409000E+08   5.707000E+05   1.895019E+09   5.000000E-01
   4.470000E+08   5.541000E+05   1.876452E+09   5.000000E-01
   4.532000E+08   5.381000E+05   1.857884E+09   5.000000E-01
   4.594000E+08   5.225000E+05   1.839317E+09   5.000000E-01
   4.658000E+08   5.072000E+05   1.820750E+09   5.000000E-01
   4.722000E+08   4.926000E+05   1.802183E+09   5.000000E-01
   4.787000E+08   4.781000E+05   1.784776E+09   5.000000E-01
   4.853000E+08   4.633000E+05   1.765048E+09   5.000000E-01
   4.919000E+08   4.488000E+05   1.746481E+09   5.000000E-01
   4.987000E+08   4.353000E+05   1.727914E+09   5.000000E-01
   5.055000E+08   4.225000E+05   1.710507E+09   5.000000E-01
   5.124000E+08   4.100000E+05   1.693100E+09   5.000000E-01
   5.194000E+08   3.982000E+05   1.675693E+09   5.000000E-01
   5.265000E+08   3.863000E+05   1.658287E+09   5.000000E-01
   5.337000E+08   3.748000E+05   1.640880E+09   5.000000E-01
   5.410000E+08   3.636000E+05   1.623473E+09   5.000000E-01
   5.483000E+08   3.526000E+05   1.607227E+09   5.000000E-01
   5.558000E+08   3.420000E+05   1.589820E+09   5.000000E-01
   5.633000E+08   3.317000E+05   1.572413E+09   5.000000E-01
   5.709000E+08   3.216000E+05   1.556167E+09   5.000000E-01
   5.787000E+08   3.114000E+05   1.538760E+09   5.000000E-01
   5.865000E+08   3.019000E+05   1.522514E+09   5.000000E-01
   5.944000E+08   2.926000E+05   1.506267E+09   5.000000E-01
   6.025000E+08   2.840000E+05   1.490021E+09   5.000000E-01
   6.106000E+08   2.762000E+05   1.464491E+09   5.000000E-01
   6.188000E+08   2.669000E+05   1.464491E+09   5.000000E-01
   6.271000E+08   2.580000E+05   1.449405E+09   5.000000E-01
   6.356000E+08   2.508000E+05   1.419233E+09   5.000000E-01
   6.441000E+08   2.444000E+05   1.378618E+09   5.000000E-01
   6.528000E+08   2.309000E+05   1.409950E+09   5.000000E-01
   6.615000E+08   2.277000E+05   1.372815E+09   5.000000E-01
   6.704000E+08   2.198000E+05   1.358890E+09   5.000000E-01
   6.794000E+08   2.125000E+05   1.342644E+09   5.000000E-01
   6.884000E+08   2.059000E+05   1.328718E+09   5.000000E-01
   6.976000E+08   1.995000E+05   1.314793E+09   5.000000E-01
   7.070000E+08   1.931000E+05   1.300867E+09   5.000000E-01
   7.164000E+08   1.870000E+05   1.286942E+09   5.000000E-01
   7.259000E+08   1.813000E+05   1.273016E+09   5.000000E-01
   7.356000E+08   1.759000E+05   1.260251E+09   5.000000E-01
   7.454000E+08   1.701000E+05   1.245166E+09   5.000000E-01
   7.553000E+08   1.645000E+05   1.231240E+09   5.000000E-01
   7.653000E+08   1.592000E+05   1.217315E+09   5.000000E-01
   7.755000E+08   1.543000E+05   1.203389E+09   5.000000E-01
   7.858000E+08   1.494000E+05   1.190624E+09   5.000000E-01
   7.962000E+08   1.447000E+05   1.176699E+09   5.000000E-01
   8.068000E+08   1.402000E+05   1.163934E+09   5.000000E-01
   8.174000E+08   1.360000E+05   1.151633E+09   5.000000E-01
   8.282000E+08   1.319000E+05   1.138868E+09   5.000000E-01
   8.392000E+08   1.279000E+05   1.126799E+09   5.000000E-01
   8.503000E+08   1.238000E+05   1.113686E+09   5.000000E-01
   8.615000E+08   1.197000E+05   1.100457E+09   5.000000E-01
   8.729000E+08   1.157000E+05   1.086764E+09   5.000000E-01
   8.844000E+08   1.119000E+05   1.073883E+09   5.000000E-01
   8.960000E+08   1.083000E+05   1.061350E+09   5.000000E-01
   9.078000E+08   1.052000E+05   1.049977E+09   5.000000E-01
   9.198000E+08   1.017000E+05   1.038953E+09   5.000000E-01
   9.318000E+08   9.941000E+04   1.029205E+09   5.000000E-01
   9.441000E+08   9.880000E+04   1.022591E+09   5.000000E-01
   9.565000E+08   9.848000E+04   1.017137E+09   5.000000E-01
   9.690000E+08   9.606000E+04   1.013887E+09   5.000000E-01
   9.817000E+08   8.987000E+04   1.015396E+09   5.000000E-01
   9.941000E+08   8.960000E+04   1.014932E+09   5.000000E-01
