         n    p                            ecr       7.82300E-01
  -2.959  -3.277  -2.959  -3.277  -2.959  -3.277  -2.959  -3.277  -2.959
  -3.277  -2.958  -3.272  -2.941  -3.202  -2.874  -2.970  -2.540  -2.291
  -1.721  -1.232  -0.414   0.305   1.802   2.943   4.347   5.994  -2.959
  -3.277  -2.959  -3.277  -2.959  -3.277  -2.959  -3.277  -2.959  -3.277
  -2.958  -3.272  -2.941  -3.202  -2.874  -2.970  -2.540  -2.291  -1.721
  -1.232  -0.414   0.305   1.802   2.943   4.347   5.994  -2.959  -3.277
  -2.959  -3.277  -2.959  -3.277  -2.959  -3.277  -2.959  -3.277  -2.958
  -3.274  -2.942  -3.205  -2.875  -2.972  -2.540  -2.292  -1.722  -1.232
  -0.414   0.305   1.802   2.943   4.347   5.994  -2.961  -3.281  -2.961
  -3.280  -2.961  -3.280  -2.961  -3.280  -2.960  -3.279  -2.960  -3.278
  -2.948  -3.225  -2.881  -2.988  -2.544  -2.296  -1.722  -1.233  -0.414
   0.304   1.802   2.943   4.347   5.994  -2.980  -3.310  -2.979  -3.309
  -2.979  -3.308  -2.978  -3.305  -2.975  -3.301  -2.973  -3.297  -2.967
  -3.281  -2.925  -3.111  -2.577  -2.344  -1.729  -1.241  -0.415   0.304
   1.802   2.943   4.347   5.994  -3.140  -3.550  -3.140  -3.548  -3.138
  -3.545  -3.131  -3.530  -3.116  -3.500  -3.098  -3.467  -3.070  -3.420
  -3.042  -3.358  -2.813  -2.717  -1.807  -1.321  -0.423   0.295   1.801
   2.943   4.347   5.994  -5.499  -6.776  -5.442  -6.666  -5.306  -6.423
  -4.989  -5.912  -4.592  -5.327  -4.297  -4.916  -3.955  -4.461  -3.726
  -4.167  -3.409  -3.625  -2.366  -1.919  -0.509   0.208   1.798   2.940
   4.347   5.994 -99.698 -99.999 -65.570 -67.164 -35.616 -36.915 -20.209
 -21.223 -13.299 -14.094 -10.394 -11.064  -8.020  -8.573  -6.772  -7.259
  -5.437  -5.742  -3.791  -3.410  -1.151  -0.439   1.768   2.909   4.346
   5.993 -99.698 -99.999 -99.698 -99.999 -99.698 -99.999 -54.663 -55.676
 -33.000 -33.795 -24.198 -24.869 -17.246 -17.799 -13.715 -14.203 -10.110
 -10.416  -6.678  -6.302  -2.766  -2.057   1.478   2.616   4.338   5.985
 -99.698 -99.999 -99.698 -99.999 -99.698 -99.999 -99.698 -99.999 -75.759
 -76.554 -54.136 -54.807 -37.215 -37.768 -28.703 -29.191 -20.123 -20.429
 -12.727 -12.351  -5.886  -5.176   0.277   1.412   4.255   5.901 -99.698
 -99.999 -99.698 -99.999 -99.698 -99.999 -99.698 -99.999 -99.698 -99.999
 -99.698 -99.999 -80.282 -80.835 -61.008 -61.496 -41.670 -41.976 -25.674
 -25.298 -12.404 -11.694  -2.050  -0.915   3.625   5.268
         p    n                            ecr      -7.82300E-01
 -99.698 -99.999 -49.750 -51.332 -29.580 -30.855 -19.262 -20.225 -14.019
 -14.724 -10.766 -11.303  -7.990  -8.333  -6.458  -6.661  -4.715  -4.719
  -2.968  -2.721  -1.035  -0.450   1.600   2.696   4.293   5.927 -99.698
 -99.999 -48.749 -50.330 -28.580 -29.854 -18.262 -19.225 -13.606 -14.311
 -10.744 -11.282  -7.989  -8.332  -6.458  -6.661  -4.715  -4.719  -2.968
  -2.721  -1.035  -0.450   1.600   2.696   4.293   5.927 -99.698 -99.999
 -47.732 -49.314 -27.574 -28.849 -17.260 -18.223 -12.658 -13.363 -10.538
 -11.075  -7.974  -8.317  -6.454  -6.658  -4.714  -4.719  -2.968  -2.720
  -1.035  -0.450   1.600   2.696   4.293   5.927 -99.698 -99.999 -46.572
 -48.153 -26.519 -27.794 -16.243 -17.205 -11.652 -12.357  -9.716 -10.254
  -7.833  -8.176  -6.423  -6.626  -4.709  -4.713  -2.967  -2.720  -1.035
  -0.450   1.600   2.696   4.293   5.927 -99.698 -99.999 -44.223 -45.805
 -25.017 -26.291 -15.072 -16.034 -10.585 -11.290  -8.685  -9.222  -7.099
  -7.442  -6.134  -6.338  -4.656  -4.660  -2.959  -2.711  -1.034  -0.449
   1.600   2.696   4.293   5.927 -99.698 -99.999 -36.029 -37.611 -20.834
 -22.109 -12.798 -13.760  -9.036  -9.741  -7.382  -7.919  -5.962  -6.305
  -5.168  -5.371  -4.214  -4.218  -2.876  -2.629  -1.025  -0.440   1.601
   2.697   4.293   5.927 -46.082 -48.669 -10.983 -12.564  -8.290  -9.564
  -6.487  -7.447  -5.363  -6.062  -4.733  -5.263  -4.066  -4.401  -3.616
  -3.812  -3.010  -3.008  -2.270  -2.020  -0.937  -0.352   1.604   2.700
   4.293   5.927  -1.350  -1.390  -1.349  -1.390  -1.348  -1.388  -1.345
  -1.381  -1.335  -1.363  -1.320  -1.334  -1.285  -1.270  -1.240  -1.188
  -1.128  -0.992  -0.875  -0.574  -0.301   0.293   1.635   2.731   4.294
   5.928   0.831   1.331   0.831   1.331   0.832   1.331   0.832   1.332
   0.833   1.334   0.835   1.337   0.838   1.344   0.844   1.353   0.859
   1.381   0.904   1.462   1.074   1.760   1.922   3.023   4.302   5.936
   2.676   3.584   2.676   3.584   2.676   3.584   2.676   3.584   2.676
   3.584   2.676   3.585   2.677   3.586   2.678   3.587   2.680   3.592
   2.688   3.607   2.725   3.673   3.006   4.157   4.385   6.019   4.416
   5.689   4.416   5.689   4.416   5.689   4.416   5.689   4.416   5.689
   4.416   5.690   4.416   5.690   4.416   5.690   4.417   5.691   4.419
   5.694   4.426   5.707   4.499   5.838   4.989   6.639
